6108085
4607309
9310114
7499586
46698
8017994
5344131
1630355
10579
3454996
1865628
9990925
6811933
3613629
8630455
4213696
7625376
1147446
5850141
9970090
6642481
8673266
263405
8337548
3831174
5637393
1466820
9941068
5841316
965049
6307089
7244402
2316943
8119362
4683201
4191008
877321
8853676
3202988
1048102
5248088
6649279
2072922
3544359
1688978
2552513
6137761
5523552
8078104
6990038
1554337
4827949
8099850
4698964
6653201
4723587
9270725
5061713
1493412
2171166
1589273
6022588
3574482
9208522
6790470
9365541
3642939
7730174
5826550
7098784
898679
2211251
8194500
6219074
3404216
506434
2029485
8730987
196822
4934912
7602243
3293598
4001868
6743608
3135778
6350673
8412870
4210083
5148660
8326394
8708513
3392890
4916924
5962363
8082004
9466508
2274791
5429106
1273698
498777
1718914
709535
6335112
6237046
8022990
3646979
9598383
3268542
3191036
7699821
1729867
290392
863978
929690
3019948
5811145
6638885
8145950
8409677
738335
2300590
2313746
1963303
8875194
6787427
5492961
1352820
8265869
5760519
6224244
756419
8063361
2783755
7263752
130910
4308282
558035
1098343
5598794
745020
1604503
1079764
9274181
3772124
4849540
8902088
5648782
9301915
9243577
8458453
6666206
5773256
3661171
2643397
7040657
3039164
1336528
7244370
735395
5204855
6797868
6372573
2100514
2592418
5460416
6172292
6265526
1943760
3580023
1010068
4982084
2095099
8361436
645475
8372386
3723849
3378487
3135825
9786547
2353553
1448614
1319607
1682733
1224024
7118858
3563769
4626534
2090657
3140366
8110006
2658447
3710519
2581742
6917108
1399502
9685091
6656297
2012730
1371334
5345721
7222418
7252987
7333352
6384553
8267517
4414322
3490857
7435448
9716249
78031
186235
2630079
2288902
6406063
1049060
563721
3561705
8947419
9620462
3527101
2808877
5612862
1256570
2431388
9531647
8533800
8747908
8935924
2006009
661569
4410238
7008181
8543516
4042143
3360397
3381596
9335293
6356969
6277423
4216035
7302883
8954734
1506127
3234480
4995322
9077610
3283888
2907210
5308080
7653347
260678
6229118
1793398
714133
2220670
6082172
4291631
7517095
6466248
8536575
9229830
2381450
460852
9265102
8731759
1674616
2514203
3019462
2169187
6893491
7538424
6681826
6335473
1589404
5005184
6722
8641123
2153136
7501976
2971379
6548753
6624640
7453939
5270301
798941
4499542
5051255
9772366
7724086
2814244
4748285
5641428
7261961
3646247
15742
6472473
3129708
4285730
4387647
8384966
1866962
8486674
3185850
5585712
4724973
6630462
6359856
4136494
5188229
8150811
5808303
8944826
6442868
3565811
6303765
313305
2708455
1011851
4567044
6907172
8398873
5203364
5636104
6261378
8345378
6511173
8836095
871614
8095145
7549481
142094
9931105
1511360
9855746
6510341
4537310
2006705
8414138
3464656
2255460
2805306
6263451
705297
6194941
5180881
5181208
1858262
711840
7189902
2677300
1182647
4617063
2210207
696528
6478523
2282166
8772584
4394868
7224130
300819
8304554
3045456
5442288
2790336
1682256
723625
2432936
1482924
5323293
5854566
4036832
273512
1841487
6189394
1391007
8631327
2283243
3982445
9692281
6438897
4506360
9859791
2745165
870528
7644563
4638393
549074
4443567
2644268
8075813
2098034
7021765
3972921
2428407
2413261
6149050
8301555
6310837
9182772
6804602
6598549
3740221
6189224
2158289
2873316
121996
7393811
8805102
3994612
6553278
5341739
9462321
4897321
632594
5662081
2786086
4067104
8362925
3210672
8531422
1380587
3780010
885841
2482744
1217646
8326165
1575505
3009697
3767185
6446294
4817853
543231
4456558
7911979
7404647
791625
1116580
7686163
3882919
3069056
2900038
8718534
8929541
5074077
1982341
3545552
6573796
790255
7997311
5835100
6873946
7580854
7100169
9220194
915413
4174911
6656183
859927
8998012
1094012
7380267
2405477
6279459
8588309
2576426
6508245
4103927
3268842
1730509
6051036
66318
5555079
8988102
9116429
1040484
3431675
8822642
7005141
6221736
4316610
2434937
5112391
5807941
5174045
5898486
791087
2714108
3865387
8024804
8921924
3257309
6851476
886393
9540233
1722031
3051118
6978340
106356
2683524
8736256
2194949
8939401
5201400
6106648
514598
2909488
6305074
8326417
3187772
5191961
9234588
7148002
140379
6544365
7494491
5073030
6595620
1573129
9489082
3273364
9384958
2490328
1093584
9782927
6797921
7512578
159812
7972027
5836383
2411032
6939386
9526971
2909081
6250825
6787395
1105037
8978566
1366324
640230
4425900
2372938
4119521
1374837
9284926
5463476
2288781
2339180
2208486
819010
5608211
1710808
2274313
6673820
6005837
8944175
2906099
7290976
6544830
6391295
6599741
4115453
1703126
3246062
3057944
8593052
5089265
8538682
8896218
21580
932376
7306838
3507480
3315755
7219323
6930196
1326481
8574789
6904132
466918
6937164
3314978
6565811
6526923
6941980
3942244
8055948
1004058
1824003
6355280
5352424
5674000
7474416
6860709
3956133
1819796
5906780
2836331
2089221
6943849
6886455
3580298
4123851
1342025
2402374
1926255
5256669
1938047
3636700
4853542
6443008
6699756
4457334
4301198
7169900
9821302
230316
4418944
2187364
9208236
1759184
9839055
3580244
3656436
5068235
252870
3923226
4426762
5278014
6611986
9836837
4646330
3300080
7901485
3152466
3543501
3397063
6549180
8159300
9299725
6280687
5515895
6765625
638047
5222952
6678343
7727040
4180391
9026608
296500
3734448
4760144
8547896
5035727
6938884
7885528
1185369
8673261
1668135
243535
4174080
2173625
9373961
9205617
2908772
1838514
4657878
418679
8873319
4456224
8922664
7377954
7455053
7411977
8447943
5216939
7458248
6690100
3717341
86732
6226840
2766567
706616
3211881
7755200
6897941
2917728
5510482
618954
126835
3120996
5027749
4067619
1017241
9035265
966562
6818961
8801074
593656
7549882
3223639
8674414
6792966
8449390
8132674
2634342
6078717
811791
7792074
2921584
6420012
8639795
8913253
2400494
3861893
8071726
4614445
6916761
9975758
4093244
6796146
6125606
9493696
9893493
2122014
7221774
9693007
312627
6762851
7364434
4861841
9928333
6280727
9153697
362814
5812200
2646064
3486971
9134325
7992401
6703695
5650094
6103083
5943888
5409847
3057035
4923033
4564672
8296557
5445611
8303305
701864
6516177
214642
1331530
2898935
3846425
6782716
8816647
9605420
1366202
9232950
4531317
6250477
3261259
2368939
1110053
5331647
3007397
6734390
601218
7633850
6538803
4309319
3565195
7643786
5201819
9321028
3591542
1635539
8274426
10854
64724
1346824
4763363
38390
3447527
2077818
7083636
2724280
2676632
2659440
5790554
6470808
8555609
1688575
8018074
6574553
4549747
496511
2532854
5357015
2747051
5529071
7287752
8349077
516636
4761451
6061739
1940019
5402271
6453739
5834098
2419525
7771204
1039104
3036603
7676042
4608907
2884082
4756573
736695
1495884
2786953
3202186
7967458
5182745
4114901
1566262
5810558
1583214
5051656
1820120
5257820
6704056
7519811
2274525
6784612
1201617
4671927
9769948
3829963
4626250
4789296
5380055
8063727
8393080
5938983
8930529
2153811
7361310
1370884
2121583
8492468
5088715
4799350
641010
8106460
2349277
1932844
8442235
3072349
7261430
5643899
3281637
8602871
1546890
3772517
7619667
1789611
2754918
8725864
9389862
1642749
9696533
1504565
266715
6003113
4304417
9735318
2603744
3010991
4252238
7827786
9819808
1088004
1260426
5181167
7501342
7721747
7684564
3357334
7354489
3265681
7258767
3030205
1319814
4714534
3465273
1683746
6912295
8390862
6730576
674966
6624643
3171423
6322060
6773092
2279333
2462107
8491966
506231
194818
2676938
5406438
3097494
685195
910744
2589193
3955680
6384871
4135707
1367249
4392625
4292938
7229676
2244352
6512269
5516118
9775779
2706689
8417667
934673
7469503
3641119
4215428
720017
9436145
869727
2740298
1819538
8214476
9162342
3306006
2531784
8744722
8221350
6819573
6497598
447752
9271556
1179190
4791373
9043380
5272524
4317681
4470902
5863777
242969
3877779
4309197
8575883
5217960
3265247
9017664
322653
3134916
1109626
7245413
2434062
827875
8946975
3182905
6279451
8319424
3577003
8251499
2342831
4308068
4310874
3107796
1153626
9687224
8125245
3592214
7194716
4371192
7203242
3549191
3026595
5589370
5187507
6023474
5490658
9329580
1179497
4830353
9277676
4900644
6527324
807584
3850470
3535529
5656751
5956328
54438
6179822
2656323
8045489
9884834
8168159
3123450
605983
6939508
8711387
4230220
8329726
1238463
7935922
107909
8368811
4980289
1525537
1108655
3938609
9320955
1219376
1870662
9051759
4980124
5815139
1876831
7754772
1659217
6952587
9773679
1278905
1311941
3658836
9129388
7998447
4557489
3184068
2542268
6584496
9550189
9046988
6584985
1431049
2937475
3750326
9858364
9263994
3373885
4284675
4858086
585884
9126737
5457521
5481544
8841774
692432
1628174
4760449
7138324
1928872
3337909
5275008
3562549
4769514
876922
4377288
4064255
7101849
4787542
4113229
1236845
858953
7455059
7740638
1858124
4726836
2205830
6826374
5551460
8698561
8660592
8579687
5452715
6526110
9065131
9066178
1373499
1580294
9584862
4005595
5014151
7086901
9048042
5475534
881077
6548914
9747508
5216548
7675275
8123387
2021359
5105664
6357835
6963997
3393788
6428897
3728838
812569
2195673
3612787
8570353
4596371
1733998
8628993
3494344
6463933
3296857
8044652
5655478
1265360
2693201
1835271
4810814
387139
9451523
5618159
8484583
5291226
9948749
1112774
6513096
6207758
9616836
4648244
593843
1704790
9068924
8103652
2482994
7322791
3951009
6928289
1324153
6480074
7613554
44408
4942871
2823410
6682539
2823042
7293338
5211325
2374558
7054551
9114375
1206515
9111084
2413248
7940875
1566340
901296
1512498
9757143
3952597
4365846
180308
3846816
602867
5331318
2460728
5231260
6567513
4126651
2643177
2312498
4053281
4858824
414879
4185860
7316785
4217260
7508535
9990582
5103183
6071828
6855713
5235501
4644763
2442825
7229690
8211878
1482621
641888
77773
2455320
5198110
1550709
7994657
5542881
6588765
7954464
9615177
691301
6541627
6107716
2327336
5556004
3885028
6753305
2404114
5289923
48282
6140620
1061761
2038586
826677
7223434
6734976
9468601
697483
9521878
7358198
5405116
9180378
3540211
5051826
4103938
1074814
9798143
4455615
7622984
4399543
2698234
4550021
9945935
3380072
449399
9134955
9386021
9005971
1603945
9142839
244814
7855711
9118085
7808673
7132679
6236368
463406
8640159
9159795
8966006
6845542
4261970
8477373
3481237
639868
4965395
2874743
542807
6563231
2628860
5826826
8692192
1384611
2682746
5747422
8075429
6780820
4148452
2891795
1342054
8772330
3122115
4274812
135255
7256531
7406598
9046274
8270935
9586911
6025799
7674538
6024307
1691623
2195743
9185477
9810202
8240563
4880320
7598898
2794956
5186015
5343312
6803631
8858179
5673630
3937800
6325938
9396649
347437
7798846
5818755
5615363
6913996
2131554
6611885
2242902
2019302
9765564
2627169
333855
7647623
5039113
1237343
3221758
210444
2762238
3560508
1496184
1115677
3404742
7129339
4109251
5167463
105788
1872769
5866744
4093732
5317766
3392188
900344
6525225
2303133
856588
9565258
3058141
7234482
607036
5568576
9495646
9129441
9402420
5799519
9751529
7078287
7783521
7223374
3632093
8622338
3280709
6535058
3806286
4964612
4107845
4068113
3559817
3153570
8585365
6409447
2598607
4432077
1941101
1124925
7588273
6686726
4837023
6228530
9226980
4255532
6015399
510042
7352227
174410
993810
8118092
8932467
1993133
5589139
9323679
749290
6982339
9893935
4916308
1815023
8751479
3870724
1559853
6375800
9666668
9740506
423658
3086531
8489040
228701
6261238
1902849
8606272
8045617
8232732
6053544
1244461
4070974
947380
1037530
3517018
39771
3146625
9651969
3653145
6182525
3397709
8402424
5063155
9194839
2155257
2688597
5844778
117719
3638026
326102
1700459
6606639
5535190
192684
909093
4557004
3181361
7921909
3178480
9629635
1883130
1348709
1598861
7370634
6234471
2523555
9348837
1530104
7512826
2614616
75245
7240101
3248350
2704043
4978906
9464855
3363604
32295
6951302
2465565
1291147
501467
7499724
1021549
8290606
3388726
5266054
7674243
3182497
2438550
8564857
7809876
4948210
5478352
7779152
7213253
2714407
8362807
2043934
6283068
9003890
6455631
8506246
1610900
779456
889378
6316870
6384044
7435239
9803808
5178098
6479672
7129812
9888122
837461
3759304
3055356
797845
9805095
3313186
7692130
3544650
8369486
7270030
1515043
3014744
7382046
6514477
6063884
2866394
2010389
5656691
6799069
6008257
9618407
3029124
6541613
2566826
3525468
8506515
6169964
16184
3727485
1894293
6823551
3388499
337431
5146231
8618607
8039469
9460849
3015795
1251547
558952
56456
8672354
5632577
9796516
9904980
7175451
6762262
9139181
4228123
7571426
1702244
6477395
9968331
4703740
3341214
416798
7098051
1238084
6724166
6197159
5385592
9087692
3203487
4541643
7510206
2507070
2670093
3263739
1851747
9576538
8112819
8385980
16811
8892609
6544530
2729122
2476299
9533133
6209803
6387499
1785442
1851867
1051091
4713644
4390783
3836683
294246
6157008
7369565
5619268
1781637
3084660
8242612
9139116
2952623
1519223
9953644
5719382
6759212
3048198
8004266
8204837
7906797
4893842
972263
897361
4282146
8318965
2570079
6786884
9268345
9245598
7821147
2156394
770156
8564552
4427514
4486614
3785004
2501852
361668
9077680
6950198
5975293
1410494
3085893
8616433
2571223
6230311
9049652
7988660
6098220
1512380
7558946
8071960
7997800
8026771
7322278
8132399
572672
2938595
7542223
4515485
3095175
347929
4952203
5501521
8159915
274314
9638852
7709100
3723900
565854
5558253
3963767
5476638
4270273
2170732
4278401
8439284
6384410
5447168
9902851
1411610
7262472
1252584
8294635
1634597
377964
7907298
9712822
2055422
8308335
2432000
3673757
4317255
3935551
4566370
5567299
524208
711978
6616537
9248281
3309510
9592893
7590847
4265332
8492615
5045383
9825289
7040690
1037291
7995141
6883398
2888432
2445231
5230684
4209807
3487977
5362927
3995653
7578583
5908062
1872178
9486320
4709722
8343750
7166573
9659886
198422
7742723
2585048
3593847
8121410
9304612
5362928
5561871
6758575
4498880
4983698
1942886
4576799
1930194
7108477
1103612
4559318
1819782
1230570
497442
2569342
1319298
2115512
2228813
3788188
3046866
229011
1654048
9722574
2711426
246921
5691360
4928202
8091115
7475172
4057979
6803984
4825362
185978
2451953
5215865
3103842
4910642
283656
5418602
7416028
5104683
9834636
2732048
3528138
9409647
108731
9402035
7995744
7029814
8561391
9580798
5935232
6946347
9514419
3311451
4749338
3434020
9783118
3033195
8532739
5208066
3347792
3109200
2500022
4979829
9750503
1329617
3007394
2133696
2908849
4925717
4797662
3474115
5859318
8507300
9971326
4336007
6262173
5016547
1917378
1667594
9501845
9355667
5273273
5176660
73494
8452546
9323749
4895797
2130631
6408885
834109
4957277
2921202
3381421
342677
2071713
2966324
4927871
6377844
3364473
7921941
4675619
8367575
3366357
2800878
2071694
3317601
5845000
7119946
3038527
4411253
2129641
7416314
1710927
8025521
2633809
4379940
4172118
4065514
8124398
6539766
3446595
5913825
1373296
5129848
5852493
8792643
2179324
2534858
3650476
2098394
6839298
8628567
219754
6134201
9783675
8429030
4723277
5623972
6836773
308378
1729255
1278913
1779418
6697011
7160469
9752984
1045408
5740573
6133663
2893099
6504915
5646599
8574663
3730142
8654227
2281260
452577
3255488
9084360
3147787
7007910
9839686
6652042
1672462
5953206
9096092
9869572
2184196
4455688
8584254
5036201
6217248
1599551
92250
3902007
6868835
4134507
233271
784124
8953066
5291405
7255406
7658495
4685787
4924076
761926
4553000
3345363
6464212
6413168
8338122
6420485
6393281
7112987
1923083
7443304
4338227
3007597
1706337
2047050
9189272
2157350
3891801
9640781
6703230
4639554
9270297
521174
778005
9929537
8525996
7220457
2750848
1427622
2648103
2484943
8872248
3847630
15867
8382224
7111983
7855322
2025889
511140
2602858
2415939
1285538
6350450
5270926
2643136
2462483
9705711
3362312
4901832
9881650
9409432
827767
9184965
7310687
9833719
5163800
8963745
3245121
6563958
304301
5545681
4338392
4565195
2320471
1170590
7345271
2874037
5721992
7011986
5244659
4233246
5419620
4393821
5490576
9927984
3474781
8740411
9551500
7983057
1482327
4497340
2356542
8231437
4170985
8640713
4785800
8706473
6334524
2623097
2672521
2757492
8544034
1731530
8107410
3831989
7935935
7556203
596975
4671320
726071
9305091
3901681
1209565
2381721
3096372
7718499
4202187
3262860
7483304
2360304
5299427
9814406
9143846
3732907
3463831
5284056
9256283
8831018
9321419
4957162
728206
5489612
2774702
4099952
1719951
7654223
5102523
9682104
5199408
7468984
7006655
7183334
2007634
4964509
3208745
1210041
5734927
2734379
1419685
8394556
529438
1604647
4482926
4782232
2671298
2770548
5514921
7974555
3420046
9891051
207968
9717938
6403501
6201554
7640928
1981517
4125493
4008983
4859855
6754039
3853473
8340764
4666550
5025990
7428196
2698395
969373
2272727
8405859
2563397
9473535
4355185
7974119
2052160
4753669
2587169
3893285
5788558
864935
392675
4643376
5223479
223847
6132584
2371373
8616499
671640
4608315
5487004
9112799
767866
2312618
3915121
9044862
7437938
591990
4613600
9517425
4724657
7820989
9591266
8037160
2558982
6512304
6921621
6330304
9112160
1037535
8532018
6051041
773774
2980107
7559057
7666281
8574952
8758894
8269850
6529418
2777533
8649639
6782788
8117263
5507188
1452644
3295950
2897795
7237641
5688294
4034799
9042328
9259090
4982671
4490460
4356887
4722428
2619683
1090277
7864677
5400537
3848932
7149201
5511092
4707835
2014105
9482934
6311609
4591288
3196791
1844967
6334900
2145812
4033543
3520438
2835570
9566762
5596837
8246689
8461806
246273
469380
2665364
23623
42717
5817126
4380877
6615148
2891728
1491003
3157257
526648
2780807
464702
435498
208398
9013995
1738821
8379855
2389290
3509137
4695334
2357787
7694835
3743102
3105068
5664199
6632031
7181995
7131611
9257857
6291365
5960253
7850018
9376831
7830305
1397644
657953
613898
4190787
421863
7155559
2974306
8907695
4755454
125241
1874663
503164
1049688
1767124
5818554
5716168
2669530
2298016
9909450
3967913
892249
6640013
6621928
2068463
6724071
6406142
879100
1064531
4118443
1462475
1432175
3335914
7727959
5455994
7321813
8660685
6723935
4684947
4167903
4867625
9868640
2301551
6486399
2397428
6623177
8410718
4897890
3445249
9721551
1626855
6985755
6556302
9112424
201004
6915476
4587353
1878382
835681
5805354
4218446
8025613
1520790
8730329
9918735
9679759
1252732
2874753
4220685
3970790
7831660
7117317
5721200
5895744
1089130
2729352
59357
3384261
2912449
7063710
3344827
7938677
6041560
7448485
9174765
4027453
606470
2289445
6171652
8093032
3916059
3061472
8571230
9159938
2529222
6737261
3471106
7206985
8998576
1299685
3895952
4089015
660713
8243267
8996870
2734983
176015
421409
1189732
3687673
8261378
3943563
6846929
1768422
408592
5622932
5814474
8762401
9514893
7440494
30971
9351172
4117408
3824109
762146
1631424
2176369
8683310
9339000
4302148
2204957
5126628
7107100
6534334
8093087
1081902
9392383
3906031
774924
8774334
8537436
934305
2298250
4830308
7228522
1952156
856612
8916459
6095714
8619048
8700428
6273312
6527014
7705161
2706846
1308343
9047895
2289177
8886504
665299
9330853
5700822
3732263
3951459
8378205
7687645
8245708
5077746
4458831
8599312
6802814
441942
2597588
4056880
6535745
7681940
4946463
6226638
2309791
7124315
8373926
4947144
9963129
2262546
6713532
6272063
4946227
1534570
4482639
7023941
3210861
26644
1594005
7083290
2666547
9563751
7862533
375982
6555469
7031794
2313355
4097183
1949326
3987597
2264706
3567581
9562875
681680
2871871
5544542
42802
4389795
8890391
2567344
5777901
3758192
2444431
8272684
2604693
228073
823906
4009670
9871067
9462487
8317266
3553629
551103
9699495
2217320
7617487
3899713
1747604
3688032
633019
6712989
3741920
6527749
5171192
8865507
1765704
2968891
2112442
3167173
4139741
3205777
6168403
9974725
4510319
7783396
8604992
6147794
3163665
1777213
8355110
5990283
8984515
4623622
7227786
3884858
2388937
4206318
3163154
2743906
6303735
1000721
493356
8642382
634119
62553
8343067
8648305
2035157
9382282
6026539
8722778
7419861
124527
3337002
3948104
7511115
6778955
5570772
8464158
5785791
776281
2680810
1415334
816241
1823178
1405481
1727130
8232400
396963
1863148
7987790
8560501
6597306
691696
4388302
8200099
7659602
1266239
967421
1492396
297131
288752
8299705
3889751
2907892
8707230
8830897
8180522
9652394
8352004
8066983
5515731
4729804
1687779
2594344
1781214
9744898
6895927
8359410
6877645
3325379
6174782
778123
8323734
4387847
262693
2258536
323740
7786493
4457804
4812709
4608622
2291957
6611629
4710771
4051392
5276927
5012773
8380825
5936423
1137782
556677
1298669
174035
8635015
784767
628132
5192053
5316217
1829037
6623733
8015946
9199117
1548432
5088172
3933185
2392980
7750699
8223665
3549788
5605080
9861391
6170745
1712181
1131600
4235716
6244054
961786
4073632
2638032
4859646
3836112
3272311
7866072
9004990
5813744
6789637
6657222
1395962
5400873
8675558
8726742
4323321
5867494
357029
7576421
844381
709150
1390159
8612141
9544546
2453243
7856576
9679293
3301882
3717042
4069807
1324413
6964338
3293282
7687464
707020
5197665
1648038
2259683
6574690
9477013
8371553
615993
9792011
6848138
7550288
3120048
392855
9809258
8289149
9885002
8057195
1315456
3246275
4638868
3369899
1158091
5632732
5591400
7263668
9461109
4463275
337991
4867170
6109800
7323518
2852983
4778361
8209536
7165850
7029089
3870943
6544124
383018
1105892
7041836
2430392
3138101
4369545
7764405
6099113
4467610
738713
4912743
9669858
1465346
4400226
8953891
4844172
5194923
5154178
2764785
9836923
4098027
1911640
769520
4620293
7605921
2828961
2902352
7273006
4330016
8982252
7940837
9206225
4382591
5611522
4986648
7058888
3157251
1982890
661916
3548022
4982350
2891178
9772243
3499491
9849814
4565879
9246026
2009096
7940021
7486901
6125240
8583938
9008616
4519686
5858570
1905975
3588758
1847699
647901
4167982
8875510
7035694
6640971
2107308
3262867
5290133
9786863
9273181
8786742
7240969
5439451
2041232
7883937
301554
1158103
5755727
3357136
5751889
3411643
8544768
6918590
3336583
5445377
8327256
5846703
3823291
5658609
5037058
1345087
8979200
7565489
881520
7447795
5664349
2084648
4325072
1473806
7149072
7583386
1753136
5327326
7165612
8586855
9360259
2929083
7779768
7698900
3174117
4174707
4658185
5401907
2535214
2132511
172349
125799
6400620
580003
484255
2897304
8533603
8793202
1769309
6588307
9132896
4686862
8718591
9130376
9189284
7828758
5039071
216004
1318901
8686776
731314
884947
6289003
248407
7535913
5077714
5393588
3637410
3960074
1226387
3834481
6538525
4204718
3395855
5155471
2185805
812120
2436928
2640311
8165855
5580994
8215156
8654196
3555681
5278085
2939570
4366097
4217559
3979422
5236671
9993740
7820319
991140
3368792
8455923
307953
9760140
7123446
5740810
7202878
5773137
6537909
8460583
2163664
9504093
7240545
7795716
4358819
5885180
2379484
939488
3070446
9144855
8918225
1682125
8419669
9449952
8578858
2910493
32511
4645935
7564261
7051991
3738261
8128392
538354
9100362
2355575
1228926
8574975
8369974
3781283
642636
4537320
1772808
7008726
4530494
3880190
381897
7326591
5289583
8476264
1033811
5679974
3395480
4275957
7091591
7459617
16682
9720351
2237711
2896803
6072752
9387946
982965
3193191
8076592
4077270
7955060
2719056
8779830
8021072
6867417
383231
6757666
5283153
1507482
8264881
1511413
1486395
9224127
5014084
708688
7094245
2294311
9434637
6918181
9982289
6174346
3630855
46919
4622642
513348
2808818
2135117
1318473
9107080
7518157
9934605
4135116
6837349
6346293
279496
9367239
6623917
9985655
1974812
5302761
6181823
3259202
8348592
3595917
3914021
7028783
1867484
72854
1090216
3249129
3485624
1229112
6208983
7720623
4860829
6557766
2442585
2258086
5628710
9459582
8668889
9625115
484507
432164
833920
7796682
8962547
5867067
7908827
8818448
3558104
3474899
2826084
5045333
2616162
9422385
5936366
3962341
5270873
869703
943189
1065660
1398297
8503303
1097029
2350492
8030663
4877432
2726931
4609633
9461186
4197777
1371262
9753640
5245482
4280644
3870045
4477460
820080
9139170
1273950
9726262
4529464
8441288
8246569
8038822
6173489
4450139
5294156
7015282
7527693
5630656
5231148
846551
8861086
4330369
6791974
3289991
8744233
5238311
514911
9596020
7956175
2639347
9752425
2546935
9349905
7155354
106486
5625808
5804718
588440
4803014
9474109
7078616
7086134
758409
3776524
6783528
8491769
186931
3883807
8853166
1062134
8618220
8222988
2410766
4486512
5309971
2523201
2347555
2761381
8445066
9639254
260114
4259639
9988376
3454652
8504718
4965610
1397374
5435387
7093290
5726935
1220966
2724513
3519735
6725125
8530259
9899838
157287
206487
1774742
9680822
6220733
9873573
241944
149445
2593341
4261638
1732670
3912597
7088111
8952981
2885111
9393211
5760253
3733092
8638571
5808609
4495934
3287194
2878099
8835391
2581227
1173752
69295
1974213
8927490
8549421
4644714
7852976
3288540
9937125
9368196
7335251
256693
6754276
6254541
6260772
6981902
6083172
493531
6735299
9324606
8058053
4241779
2812089
2170152
2556948
4746315
3641714
1772362
5385157
9943077
970331
3368502
252616
1731810
1845833
5013276
9774211
4793610
3712335
7892192
8166550
8071572
9668020
6468538
4305220
48752
6985280
8250867
8561000
6484454
5998414
7484399
4418378
6325729
1793670
483045
432146
9219341
2915153
6349416
6904924
2039749
7941911
3328856
3863943
7712402
6899685
2077920
3991814
2416930
470718
756008
2899354
2100519
8126518
512229
9776458
367294
403421
5330594
1520880
756853
7715284
7568072
3176114
3037423
8961038
9221288
5603283
3285245
6157368
5381281
2287251
4566762
978213
5795211
8012086
6512458
5160573
4111014
3512190
4478931
4520900
9493242
7995326
2793375
6158240
800179
5603653
7849181
8220081
7883837
1238704
6528341
5286800
7111642
6061239
2102517
6306042
2742517
7805478
6190751
5284658
5978833
8788019
3752795
6955398
7751993
8201779
5349301
5548869
7407657
9898724
8397522
6182473
6834267
583007
2271722
9335667
4483740
3461874
6350942
3583658
2886639
3293401
7778481
701848
8657883
5040370
3003778
7530651
8963424
4798689
4594696
5005687
5021453
2988686
3424390
5568529
6570096
937026
2858741
9608495
7030926
7009508
967463
7060715
4659981
1389623
5807510
3570402
7885056
488374
4356062
9411022
4015700
3452128
2713684
9702678
2563970
6316152
846153
827809
8267725
4737976
4006393
7535998
6618928
9827908
9254519
2194812
7502468
5904310
9864951
8906189
918362
9991928
6850420
4171257
5204553
3675802
3580840
8699471
8792203
6100774
5407750
77424
2935309
7052448
6859511
8604567
2931295
7549010
9538144
8457679
374065
7900458
5029203
2540874
9922996
8802036
3537126
9517551
7794120
4976689
3588667
6506068
4433073
552247
5109988
804657
8267156
218375
6493989
6819891
3977676
565825
1599003
6949701
2157134
9522142
1132545
6690132
7583666
9559935
8038621
3890369
1627369
5035160
3684029
1691070
570236
4254247
1278191
7393546
8164257
3806518
5777296
1588215
1517859
206018
3476134
114285
202532
4331776
4061875
3214730
4628907
1486606
1400218
3322147
17221
5913406
2141269
5065093
2701887
9103644
5540610
8953668
780193
3989807
7302548
8912892
1997269
2855745
1294159
4775567
6273997
7884708
1826815
5257636
9063040
307103
6164662
1617666
6904734
7787245
697802
4925690
424510
4237065
2196639
1743198
7633749
4165625
4348704
6501699
5516835
3494142
1023987
7679989
2046349
6990446
3026952
501384
6621976
626715
929165
4000989
3091258
8610066
8608039
1034468
433030
2193110
7491705
8136519
6350180
3764530
2443066
4531209
2939057
1035827
4400130
7537188
4065274
8573408
4053594
4045157
4034113
5355118
9295629
9747580
8386874
2447409
9042871
5131219
2479841
6478985
7549951
9671026
8522099
1169539
2888262
5635296
2234100
8407019
3600404
3418558
1255924
9967940
3539224
1922894
3128362
3614311
7144503
7216228
8787629
9740635
9816798
8290078
3476424
9128428
3663669
2193177
9504604
2934009
5416847
8888240
4812911
5730134
846751
246186
9152086
3202018
4706380
7250620
8943040
8225344
8589016
8213977
9037089
95812
8944200
5363725
8013880
2507834
7055953
9315332
8815285
5639939
8926625
1094541
1826984
1773951
6817281
6281127
4672596
7816715
6198952
2892624
8439741
2113507
8510470
5598964
8712767
7907128
4419577
4873627
4214561
6297482
5653759
5596557
3681074
3102229
2628770
7370871
8855845
4690457
6249251
136449
7606420
1277202
5098184
5851337
9898874
7595336
5258528
629073
962350
920711
2247372
9087882
4049754
3555687
4517969
4235454
1511380
4964432
9842664
6840071
6468880
7001073
4077710
1684958
1517896
416463
1179761
6855628
4230133
4561820
4005918
3576276
7102310
354923
4725413
5459751
8771902
2053625
7235989
8453705
2189297
6423396
2832150
403375
3444768
8176704
8498227
5558794
1148368
4640782
3781366
2027693
3742478
541093
9436410
1494077
5706273
4973687
9758581
6436192
2125967
3328124
5665130
40545
9912485
1280305
2995687
8276242
1800534
3635995
7052494
1200495
7233555
3111482
8967802
1399196
1176443
6335210
9086298
7579781
6435318
4803040
972785
9229548
457845
6579175
2905069
2660202
4367122
5475650
6691811
6977487
1851490
8225751
3200013
764955
1263496
3815889
1177024
2746902
1432940
3016332
6817646
5451297
1808323
7593632
4140097
8819205
5075867
7334893
3454451
5053501
2625442
3942021
5935782
1571819
7394311
9447824
7440297
8939018
9258505
7871626
2170294
2931048
3687941
2094813
3443435
8405307
5548647
2971151
9006126
56641
5671999
8136327
927266
6694124
9866483
735080
4676485
3115128
4141007
198503
670732
6251236
164164
8628277
9002546
1572628
5698380
1618883
3214207
9110529
9346229
9638705
8058699
4470194
4692677
7690237
8857792
1278564
4485558
7032918
5876452
6227803
8042753
9474807
5623716
2066539
9453462
6449042
2735154
1607265
6430654
7011209
1710268
2559446
2495392
3785036
9002244
8741472
5803107
3355393
3751654
412786
5783357
8721673
559916
4329727
5823821
7729875
1066594
6685741
3302191
9290934
1869613
6936119
1861479
7299302
5254792
3229381
4571588
4843509
9542114
2047044
9002617
2431460
506871
1264813
2100690
8925162
2723977
9555979
9262110
1651272
9819653
6103412
3428371
9770190
5839574
4900211
4105307
4931410
8551769
9525372
8570314
3394187
2509411
1773078
4438310
7509090
4282316
1185763
3007938
6581775
6585738
9943565
5679248
3200312
7489990
1274390
1842072
3317213
6594405
6619081
2853855
3240673
2199431
4579544
3193649
4288668
365604
3480324
2109960
9373115
2137584
1873660
4972355
2768265
3030555
9432045
504670
6012066
6097335
7135847
5191402
3947103
8566967
3421558
2879160
5516620
3181513
2470098
2294786
2220640
8706939
8641346
9163258
863712
2318424
5545870
2997744
3182412
9127548
7932401
4742397
3418295
4012510
7444750
5442656
6288083
625408
7465672
1636494
869358
1031807
7448602
287162
6325035
8707514
4614993
2531001
2416514
1953628
206701
9481136
131910
8783245
4070677
2685590
4851572
8370475
3444623
9047125
7420528
9790350
4494460
3333165
3680357
7147668
832419
9435023
4001383
1339491
3732606
454967
1938855
3138261
3082366
7827960
8944178
2144223
1839051
500626
2184352
9871202
569033
1387538
8063298
7071454
6692813
442221
6697971
331564
7030179
2675941
4933712
2356319
9555951
6892100
5799744
4834139
7230426
3952980
9842327
388299
8501952
4869080
108435
1178034
8154131
9617561
435863
3726216
2439580
1716514
9408102
5408046
5480644
3185989
1059425
7798643
2188387
71723
2846541
9579585
1066234
7014483
6080152
7438720
689040
68461
2696185
2434642
5619027
5799440
8970919
2776052
7690394
6488778
4533640
1004583
8192268
8634153
8545922
1114928
7503350
8467585
9169715
8318441
5641675
3470343
7059772
6514631
6039260
7989184
6321683
5441106
6035704
3070328
9102663
9578892
5820889
9321743
1773437
6296811
8903535
5552904
9455107
4309336
9296581
5107830
8033092
6320227
5871415
4086797
8434959
208261
333758
1059484
4821159
5037032
4151150
1652476
8940776
8833915
3571869
1690742
4785716
5284962
7750730
9416443
185120
9924343
8266706
2391375
6184705
8661258
2165059
8832256
6450424
8237298
6887261
9371455
8937563
9983742
6355258
1951514
767051
3764521
8873550
1454864
8537107
8050424
7344838
5706644
2719060
1803026
8311442
1639609
7843690
4973510
5329776
7522999
7684637
5854322
9264584
2237337
4794137
6459716
4371797
9137147
3757912
5355431
6326808
3330212
9718002
7075109
29748
4459535
9071162
3818926
2636098
8852158
2565122
6346497
6216746
3129635
8849605
6126876
6346589
5074173
5947034
86580
8444223
5718506
5026438
4666068
707678
3857366
2418582
7341278
8389831
4961064
7558922
2200230
764686
7153361
8378495
2984690
2846999
6987629
8201687
2096770
7404795
5831753
4345004
3605660
5756061
2780647
2733081
2756528
5853990
6430635
2035495
4695516
6569565
9165341
8787305
5255057
6995893
3514916
373696
2931860
7479275
2209356
2395666
6239977
4368997
9017452
720027
7575765
1526111
3177771
2947353
5107184
9127777
9276055
4695330
6960351
4938326
7161387
7503430
9577246
1361630
2423381
5365988
3062232
8989624
3930669
3290608
9241550
5094157
9538728
4694148
7889835
197637
3963852
5705919
4438818
2670110
8984869
9303271
7413953
5208313
6697508
3577663
8315053
2954130
1461945
9414092
4651835
1390388
6800106
7342081
2331697
3361769
8201524
996831
2157466
4391109
5525680
2037760
538965
2466721
485314
1465908
2021589
6129079
1803922
4304270
8669919
7898735
5160139
8483978
9501106
7575563
5832905
3630431
5200934
1072486
5477015
4381581
7254966
5358216
3710276
6273988
3425226
5961882
9400924
888452
5424548
8574731
4004872
7700283
3811438
9127777
9223961
563311
7375963
4218016
4217628
3933535
820700
3423264
1952160
7378910
7736347
2344809
6728968
3392664
6142808
5091691
2488449
9594853
6980810
8911406
1865374
4312406
7922316
8397768
9159180
8833745
1722782
6709096
9309743
4592992
1032440
8851258
7917295
3189820
1949018
5475928
9147963
5636030
4646054
3891320
6525888
8336469
1284697
2018205
3635055
8929715
2798790
154643
5645302
8186045
3561148
4024877
9666288
4846042
4677748
1435648
7187853
1089650
9946833
7924441
846582
3731936
9397609
5148238
973636
4248236
2860442
4392824
2912134
2678952
5020899
7098719
2989448
9132463
1891392
1518997
5408055
1142809
9838355
4905152
1376331
3881129
7742779
9685005
4794668
7842687
480806
5528033
3024061
8859246
8842891
417839
2159085
1870589
8564016
4038559
783605
4456974
9708057
4676941
9902306
5521510
2708000
3289813
6218526
3841020
6738872
8575992
9064713
167709
2140265
8831596
5405150
7303436
3782891
9574375
7236180
1311321
7124094
3489678
7216839
8028812
1606057
2648627
2007725
6028423
7284859
8844881
2748048
5333321
3754552
8530261
3727049
7391641
789393
69307
6692626
1215512
2739717
3156545
4872781
6838865
6517030
441883
1445969
7292248
9257366
8887391
137833
2652372
6029548
832042
6771332
700819
2124882
8913639
821067
1648412
3843963
7743990
8363034
1849850
3504462
7308273
8289189
4003412
7705330
6215993
3714469
2149009
6523350
7473298
2649798
1552836
5045245
6139321
6416549
2553653
6580476
8456337
540970
1171130
597062
7115514
7959033
6937215
950297
2285140
3992777
8768091
5346231
8668497
9604835
4774350
8298423
5127683
6299267
3342104
9366210
550050
4210975
643939
3576887
7604915
7082478
6636985
3363567
9289690
1858604
2930390
7514326
6816163
7067306
4211861
627885
7223466
9165573
4330973
8646966
721598
8184633
274682
9201423
4254522
2127511
8003071
4771594
9233945
7531392
6921282
5737446
4087187
1056144
1827785
385927
5692382
7958853
9267367
9007935
2644106
8679132
2424996
968396
9582655
6422459
4800952
4317570
2843462
9571241
2531601
3745304
7761912
1176146
2259691
4447024
8139873
2572156
9362684
7530390
5364387
2097127
3291512
2221295
7147185
1313296
9055056
1361751
3693781
9669066
3606981
9725682
4867763
3880471
6558171
7319057
5509841
5802140
1668708
7919341
8523503
2795678
4513197
2138157
1115463
8577980
5276886
892892
3583314
7886906
3665408
645564
6318818
863249
4590
7386091
7484276
2464394
1469926
8544598
6149382
8555281
1155866
6801092
6077812
6713088
5574322
2762078
6156716
9842411
7360676
8274287
4076262
1407381
9979155
3530978
5425241
7620297
6033665
6608094
1822063
6352973
8443541
1468481
8676623
7041295
5931463
7143682
3463259
1587448
7713833
3924924
701252
8789265
5513767
154519
3393594
1815587
2828393
7341422
1588666
6064035
8203157
3326422
6449636
8010021
1955653
9282915
5470430
2917119
7961465
9626024
3523768
5404458
970996
4850483
2405597
8883967
9245532
6596490
8045607
5389643
7789566
296727
4721994
5049329
8341618
9018142
2526431
2891850
5412139
1838545
9705015
4674341
1741433
4366084
7611400
9993535
6234598
7659655
4338904
1687052
6913858
2464774
9827400
1112200
2096691
5388099
6203439
4506926
3742387
7298525
3950875
3422358
900195
8760476
2955419
8608600
138353
7565009
6030988
3223252
2610357
5985979
135158
5180784
7263229
1645520
5280664
5809494
8701966
5415081
1495020
7867672
1289438
1012363
9962172
4211778
7174745
1335005
8817330
1807397
1670033
2811509
4892436
9806362
6605605
3669826
1026898
8600030
770763
564555
2706757
2330200
8968287
6049657
8377809
981911
5825621
2736676
6984014
4432376
5462817
7821719
2625490
2039233
6091538
5095268
2344638
5508729
9779186
5407769
172682
8302231
4197067
9473827
8289176
3814315
1231550
4142297
5447169
8863214
5526294
796007
5600711
2283770
1894899
5839690
3885840
2239105
2583850
2567312
2702116
2933819
285790
276528
5645192
9006937
4192463
6907594
7998439
9362466
6253715
3307138
3766433
7137832
7330247
632399
7593611
3036543
5963822
7220558
4390702
8060584
2976395
8278305
3572720
1844404
5321411
4569994
9647932
1585942
7031801
9207862
4958890
7716063
8740171
8243351
2271466
1956297
2936740
9565593
1529044
3505591
3735358
449621
3505825
7003265
4033664
5289201
4423631
7028310
7197042
1818136
1986540
3027785
4605336
4894540
7741985
6860882
4774268
1888458
1425728
3850800
6958529
2024651
8965418
8748475
5363951
5660659
5138161
6122808
5697869
3647953
3957968
3002621
6750384
9778085
7438129
5854291
9843443
5518978
6378169
10723
1536722
5938304
5748233
7378893
1776382
8981165
7301557
7651395
1284537
3021095
3144779
835304
5853803
9567938
732427
7804276
4765365
919909
5275825
2862429
6719663
1180639
1547312
7313553
4394027
3085521
3421938
7930050
1558834
6805232
6345454
1165568
5787876
8668330
8315685
964958
4337878
2602275
4745228
8178894
1835286
3746021
1211144
7799507
1013388
4395989
7014982
2999712
9389847
2446519
6028294
7638042
5240456
7274286
4744750
8904772
6586065
5779601
2349351
4100009
5724475
1395657
9319507
2270088
4932355
6485166
9354586
2640468
5306416
4184802
9730014
4031767
6101263
4869805
2711375
5499641
3734282
5099853
517900
9881962
1131712
6016667
4336885
5943363
3469491
9684550
1928136
6178993
2656899
6134237
9559548
2616389
7548391
5895057
4670348
4410543
8408480
2245539
9169633
3900857
305845
8537937
3754407
3130751
1779330
2649697
6739650
7873317
8993570
4715667
7210958
5715683
5258563
9983947
2516532
9709156
9003443
1186357
3829515
5749772
5081463
2190563
917927
9179206
2322759
4930410
2622003
8770295
3952059
7919310
8060299
9525458
6616759
9774683
313362
8986352
9498718
1695877
5618680
8378500
2690536
4747710
6421465
5043894
2378519
1879170
1019545
6378937
5317702
153913
5332103
8635198
9490495
5946862
7226170
4689980
8814297
5665953
1001522
729553
3295300
9873485
9120104
2530160
3991228
9304956
1444953
3726108
388595
7754659
5396983
9718894
5257742
9674322
71209
2777725
5991152
7746470
3743689
4279773
5144931
2926175
5878042
5306445
2465221
9022946
4462782
2125146
5253273
2795628
4636168
3502833
3875386
992494
1304125
8217344
9216250
3962643
382725
7865176
5386349
7941065
808288
1525406
7438621
6349645
7243295
2926591
9139219
3762356
3255189
8168018
532869
8468343
6829534
9713231
4104096
1587101
2298513
5699813
3119382
1831007
5531463
9579343
8387203
5215732
3777851
9695334
9178419
8917766
909662
6314268
8631144
9596814
5403753
5765024
7036616
4727115
7332090
92464
1252190
611012
1886519
8680919
143796
5700030
9362314
1366549
6037105
1106057
9091533
2240412
2629130
5745859
9390414
3594741
6940911
7801112
8316062
6481169
3646205
3795591
8398157
5576842
2339422
8736010
8190619
2262392
1088308
5127406
2235594
3842357
7782521
377827
2142978
4411283
7537552
7253040
3361205
6634890
9500375
8481237
9664606
4802559
1437676
2674533
6471621
4194310
3725850
7817177
669445
9892397
2620221
3986989
5333150
1652694
9576737
2226528
7545310
5357250
3148771
546343
2099711
8224829
4750855
620112
805002
6002974
7224070
2737958
5642755
5274440
8047381
1328296
7941201
8571089
6756712
6168338
9911460
3052615
5801620
4155292
9912096
7293121
2589325
4327651
6853482
5573304
8179511
2718483
9322516
6695848
20995
4930826
6363537
5762043
6450075
9617994
2428290
9097715
4498556
6777259
2025781
5318044
9211882
3060359
6759893
8487872
4145220
7535925
9456087
2172574
5343150
2383932
9656564
4420179
7638841
6887079
9589443
3734567
5012689
9942351
1323789
1725109
3013762
4510287
8872610
608776
6972031
6278759
7499531
6847265
6542714
9857317
8889339
7939830
5629408
5644153
9000378
9818388
7185145
9734050
2114752
9327429
3008994
9679567
1283581
8395074
1081353
5074352
6754114
4086535
8183092
5756729
8059218
7382963
7107851
5981221
5814518
2527983
4259851
6401411
7049924
7420512
5757345
5600912
2999753
4862097
2679572
7920005
4989937
8099088
3106408
83625
5648535
8467077
4328708
9454140
1562968
1061683
4718853
192339
3212999
678756
7410593
4477475
5436902
4644487
5792444
9781174
1387877
3135129
6753744
7667938
5360095
5471477
8385435
2923783
6797412
2945405
7966240
7320506
1715210
6171161
4141303
71555
1509408
411062
7630644
1373565
5282642
35191
3385374
3036413
4750808
7680254
6567756
1753692
6306835
6358291
8865181
5068272
1097632
9419162
2385387
2646943
3125832
6048672
2028083
7800041
5393668
3091115
2013962
6905186
3858503
9964150
453000
8868428
4574767
6469122
3286116
7196938
5711907
1618374
8173968
8004870
6040718
4313154
7774295
2713370
7541185
9425639
4266358
1796223
9273693
7298106
1111561
4998756
652369
5422497
8443716
1617054
7812422
8768844
8357000
8251920
3870673
141420
9049775
4329409
2458130
6339902
5537872
4731596
611999
1067489
9805530
3227139
7171985
2128410
8490210
1764388
3714579
3233616
5601552
2190564
7085397
954517
7039099
7605781
2880320
9911253
5189421
2436998
9227633
8259318
2473304
534135
5465839
7050326
7574791
6103066
3947696
4376255
6614344
3919445
7683840
9646886
5854916
8350371
863923
9860154
8627059
8060232
501005
8100400
3523685
4897046
9269504
4308041
1607057
1354041
9136956
1438987
7256704
3239268
6260997
8948009
1873230
589310
567394
6427038
5834281
16925
8173041
5399723
2199689
6839937
1512614
5701065
4788889
6256113
2018141
8366915
5045945
1003864
7033465
285328
4953965
6777558
2144958
1592830
2821556
1656524
7969658
8004285
4200185
4915357
8849276
3492096
383753
2635848
8593259
5062358
2148759
1350699
5898074
3854928
7357165
5742745
5391397
9432965
8629930
5805075
2556133
6663929
3778332
33911
1003818
8288728
6536535
5989805
3035925
2184507
922017
3854483
6247086
6629942
1049816
8859875
7372473
8116373
7426291
5324621
9373511
2129965
5287796
4115868
8506209
7310404
2599610
9414025
1609424
9226002
1462309
2969902
5358137
610007
878578
4340237
7782267
6465994
5370067
8229655
1308788
4324406
7171684
1796172
8344588
1669234
7581032
2015883
3328322
3518622
6082456
1586287
9979813
646864
4239106
4208934
8905187
8525526
575548
4226102
8311672
659560
5786579
907427
3840738
9951860
8590818
800298
8046191
332958
9131811
8607591
3427360
8065255
8530080
3433181
6567611
7501703
6427881
4109334
3246275
3745752
9157590
3414463
8454509
7232232
1832699
1810455
4383348
7426608
1684223
6693802
3641402
9928407
6916429
3797684
3648993
637067
9188422
5525774
2997878
3545438
6769022
5860069
8790048
5428512
5652183
5318804
6047084
2975695
6895264
7612542
3440722
3880471
8507660
2603748
9628182
7370449
9753329
3588123
1779241
1622067
3442281
9357907
7907647
9610543
280465
1526985
9698842
7274740
1204438
4582891
2520776
2147804
5018297
4954609
8850372
2285943
466993
9510820
9596771
4059780
3117609
8832697
821701
372983
7454284
7122824
3698019
8651577
5921924
7285143
7286271
2597309
7516485
3714754
4154383
2568035
6863159
7305980
5900619
3451857
1843832
7243394
9557468
679235
8804049
5369611
9585692
1693581
2444791
7052813
7876768
1410341
5491382
8421257
5606164
7179653
8630489
3290218
6890171
7607494
8201265
4190590
4106338
3390465
135894
2307318
736927
3323525
3014950
9064128
7556736
8665254
6778184
9076663
8894198
110116
4797064
4015232
6848933
9619927
3734985
3844315
1398783
615047
2987702
9614699
2743073
132911
791353
9779378
2467735
1508197
5287415
3280904
4793989
5555354
8905975
88198
8354105
2313039
8040066
5576138
2920089
6136988
8849234
6884840
2777663
3237248
3922446
9550560
1052379
837684
2767212
68726
6686476
7420218
8403219
8917486
2484824
7888743
3115373
422626
7297573
7136441
7659179
9059237
3865084
392283
8698141
2059111
9031081
8699703
3729227
2474225
6096013
9271803
9299493
7679261
5251854
6457280
4569910
2296548
2220185
2416013
7432352
5443153
1728820
7353398
359859
7693956
8042319
3899696
6988075
2819524
3788091
6220852
5134420
744755
8303663
9605082
5542515
4272573
2835813
7874053
6098351
5853444
1729559
767721
4402807
3049654
553205
3170418
9322902
6140058
5460489
9310864
8121539
8712477
2260954
1530667
5389229
2770472
8860672
7632256
925347
3237794
698853
225111
9249292
4740394
6609072
4192345
7064937
2480760
3368216
6336565
7527510
9658004
4809768
1287009
4203144
3085921
1088174
8399009
4245023
1591452
5468470
5782575
2096344
1945286
9819958
4751624
5940196
5463505
4398884
1113293
5349674
7868041
314108
9170807
7798635
6565998
7877076
4457455
6508006
8013959
2171110
4441673
7914786
9826140
1411838
3590752
6906227
2275609
6682809
4084193
9449654
313150
1349341
7990406
9667055
6499151
5095810
6948588
2130562
9641439
7002707
979505
1437834
2521679
6951770
5215713
6258259
9532653
9549558
8034708
8343387
2844185
2683956
6993127
9448973
6410327
7890820
4743940
8288489
9737161
2650871
5579051
7128738
533855
3208550
2562516
4232072
3119248
5964992
1853052
4684152
7369305
6117030
6637108
2886812
37540
3434368
453280
3421188
3914476
2782767
34003
8369923
3992659
9412213
3982106
3173636
8763422
5990094
8477736
4380182
7793981
4971558
6456982
8210521
7716173
605968
6288474
4315005
8706809
5980326
948201
353119
2466248
2770008
8016727
8743632
9186722
5877504
2081655
8704931
7169449
8027590
4903480
1862393
5747633
9093886
1970716
9732244
4328908
9112450
4053315
1041613
3672684
923340
5970673
2797792
1132541
1674900
4826678
677027
330260
8348518
9422714
497484
46637
2660567
5819554
7212971
945368
3958615
8024421
7296108
577679
3240398
6220927
810202
269500
4246076
3690982
2120164
7518178
1283193
9312521
6958262
199500
5755621
5573076
8524681
6273801
2341719
1490757
691926
6571620
9794241
3075908
9445235
2226160
125205
7250990
4020241
9616487
3378552
6540333
5255147
8696565
6434143
3697796
5075200
1133709
9576711
505998
1523741
7160033
4752421
2871298
6341199
1233850
3031343
6739102
6475324
5002071
1429799
920608
337275
6078877
6110011
3354168
4268289
3439305
4649816
9142678
2304354
594264
2256878
1469808
8291135
488951
5583835
144842
3790919
5733839
6801874
9933579
6589679
8344412
9320786
71138
7851717
9356207
5524413
6806512
4643847
4841007
9660921
318504
2935856
7458955
7212132
2554001
3324125
3559133
9003041
3516231
9755075
2567934
9102946
88976
9228482
2505304
6343779
716845
5674474
7267759
9850534
340335
115966
7018006
4400999
6167595
3028979
3895083
1817509
7891063
9639457
1565643
8698825
7113215
7364683
4521406
9621686
8648568
9260325
6474690
6944396
6192332
6111782
8239876
3506737
8791991
3743643
1414096
7605742
859534
8243352
8251142
8849079
7744607
4027340
3636993
7872733
2432061
8734317
4295313
1368413
5522911
4576959
7612855
1679853
5235561
4345840
2709917
9284913
9051956
734649
5827012
1619457
2778005
6085099
9036871
309867
8719962
1943873
9995087
1164007
8118317
6720836
7600583
7407625
9142108
6772669
3246670
7351302
42979
6948577
5538490
3584413
4665639
7488182
1401596
9532284
3922244
8404970
4045219
2943793
8435896
7108278
7581253
2171632
9170507
4618116
7143260
7678439
7056958
3575544
2674858
3938823
2202936
2398645
6812024
1367953
9892894
6508647
9842886
761594
5164427
9200337
6601427
6603019
5187883
2192777
7839037
1501630
1508901
1472718
4130315
2084504
2145868
5032699
3896460
56423
5632402
1025272
6658895
9249846
4157997
9581909
610785
502886
414274
6925973
8676794
1468623
8514462
1590421
1475305
1892564
2525018
2321660
9554893
502418
53052
3468235
6942769
6590369
81050
8127159
4117221
7689594
9494233
3143848
6927951
2080751
9530977
8399668
5064388
5492618
3985021
3004923
1505160
1598574
8439569
5519076
38598
3146785
5335133
5162412
7723531
153158
3646795
4754261
8580215
7775888
5019285
9437318
1372915
2808929
2961118
8691441
7194215
5756922
6903767
3769352
7579604
9266442
3400878
3799403
8249767
2336202
8594014
6518060
7615519
2788322
2720748
7202071
8669004
5495538
7365424
316247
8425025
6887040
1216032
6440730
7422557
4591586
9700185
6679679
3896659
35300
915895
3676206
5957328
7892664
5466011
918281
2660722
9693087
3140217
4883251
3729786
478512
4775749
264397
772728
5951029
3299251
743121
3513791
4821303
8497836
3745097
3401034
6247390
7717407
1352593
5882764
9054399
2657947
2955975
5282338
2759150
3326082
6387871
1167066
7148209
4789054
2289704
2951939
2647897
9749416
8973295
8234758
2126646
444087
1000256
3768698
630902
3409525
3668764
5394974
7557648
2996083
5092137
4188522
9862496
8944389
9733585
9745367
4928493
3786304
9645240
630731
3969117
3473376
1451655
2376939
7150730
5110156
7963081
4497768
9660040
7318173
7878026
3568837
9559034
1028624
3905258
9876411
2417754
7829128
1339753
5076189
6779402
2125479
733566
7710666
8296185
8683792
7952512
951229
4710336
916671
9154388
1279208
3110752
6113355
5542944
4666392
6569051
6742823
454166
38784
1565261
569498
8474859
4905711
1766674
6146465
3173957
9317239
1715982
1616539
4859623
6778192
7004062
7420496
5736649
5196826
3661425
7902913
6830876
2471474
7917048
5910852
8467368
3602261
4636121
1630697
1102334
3824218
4770183
2315196
9563950
5303883
3768259
2993913
4479324
7782446
4795537
993500
5475135
37687
246201
3668902
5544131
5228563
1781449
6016658
4113084
9815529
2425043
2343177
1408766
5020364
6102773
9021551
4762537
4347103
968483
1396943
6157803
920377
8599026
6747577
6671636
3722962
3624272
3802502
4760850
5807894
8676705
699912
5356621
534561
8628198
108042
2907404
5631589
5490758
4991990
3033934
9291752
7212703
1930510
8354877
4599608
1371830
4752677
7070606
8800233
124839
3952615
5784993
5201392
8917232
7111387
7730702
3934560
4348005
6245222
2582187
1531983
6153432
465039
2846967
1898981
4281262
9346607
3411892
7679065
6556271
4555521
6917275
9061615
6142653
9176359
6040790
7409317
2365175
2053737
8912400
5889804
8190020
4991520
1198576
3176543
138591
7643093
8542496
8462505
2950197
9359061
5134204
6379745
9743909
8844737
6726998
7546206
1700197
1624200
8195384
6235403
2181591
1621394
2580249
1663370
2421794
7653560
9232014
4354035
505037
3143377
3569726
7069737
8746663
4722229
3662468
2327913
2851014
3207936
1020362
8602377
9136042
3275084
2036111
817524
7603932
956066
2470069
7092861
7108349
5520754
965566
3690467
6761904
7837040
9528429
1594755
841794
3701178
8400317
8163253
8616077
5768383
9408882
4685650
5614406
2617074
5175483
5327590
3003868
2091596
6618486
5260709
3208142
5605528
4881863
1488920
2163587
4437370
2154989
6229480
9115204
1611274
1500390
4249388
1853947
5302866
4906686
9270201
2728830
5213809
2151124
5821785
1363233
5812933
7629179
6029446
6603187
8315670
7514142
7492546
9559056
5470037
1928538
2389523
3051050
3057002
9126566
3162024
8078252
7065348
2665167
828406
8615723
281115
1210449
9624311
7803268
1574630
1270077
3352734
6551388
4329322
7619322
1145487
1302586
2384885
9102503
7961686
9538751
4755304
7559073
2919870
2339361
8579130
3417175
3523378
7940962
2878481
8396094
4099910
5555135
5957622
7157936
9980417
2187896
3494510
8938106
7066991
2557016
9108340
297039
4017498
8590436
9085852
3151648
324134
5459541
599690
176272
4715369
9709775
3907689
6838564
5771946
5508436
3222672
2363911
862315
1723243
4796256
6328838
5826894
9369506
677939
855905
972675
422291
7766532
9871111
8789149
8554981
9398930
4075561
9102705
3343701
9733244
2678080
9568754
5336573
1251164
9728578
7130152
5139503
1472111
401213
8499676
9771483
3118838
5936781
3130496
1456037
2120891
3364123
7072434
6490877
1156655
7719441
9820832
8497513
3049455
5707302
421816
7795078
1765464
3033935
4942383
9295008
7235032
9863984
8110306
2501402
298599
3168823
952522
7432562
2754612
1188552
3060436
6307128
1486731
8453531
4981354
1746943
8743496
1422902
9971500
661911
6432118
7761327
2449176
3814699
7019421
5418736
1376512
7660866
8387882
804573
6723480
3370622
7407037
4687680
2441719
7501668
620044
2081932
1994543
196800
6806295
8057823
2036739
3769353
4284900
4247155
2903940
8587520
5963581
4951489
6911438
9463390
1730240
7547225
1601447
6304842
4919660
8247803
520180
6783834
2138606
9728870
2280808
5774001
5978429
6615752
4514433
5893638
3281637
8444235
9471711
1881151
6136138
4147494
8111087
3640416
7039692
5059599
5210067
3903351
5473411
3705835
653278
3500339
9511986
4512582
9588675
2356339
2587365
3258959
475633
7340799
4344613
5620401
469825
2096124
2046325
8197971
9848478
5859978
2836605
9191612
8628336
1582988
4773484
492088
7398905
4208060
9452703
1085822
3236175
6016870
3145233
6740839
7480490
4444938
2734724
3614533
8366719
6422327
4133290
6009397
9879823
9281635
5940671
9749461
1138712
9481961
7155411
5424329
3683328
7139891
4591511
7258371
2007965
9018836
1070310
4257284
3153192
9483276
2979818
7069900
1786014
4897333
3844463
7925622
344035
7197937
2483205
6526253
9014579
8893345
1316064
7637852
6531962
4362290
4681143
6489065
5076213
4922953
3980866
373304
2866015
457152
596242
6832319
3314891
1419865
2389779
460942
2927378
5284005
9178912
6905924
8733464
9429484
3489855
7796481
4090372
861478
9347066
3264868
4826277
7841634
7062634
7083807
360537
7372707
5688932
155474
1539432
9091987
4545313
3393830
3450373
2185659
1623797
5130374
2019995
6410026
8731553
1382362
4741156
2244132
3536355
5307551
4042395
194967
2761444
2574154
3349796
7340403
8346028
3883479
6375414
4552734
3219004
1544963
6656901
3560559
3830959
8982247
2028180
879088
4633455
7255833
8494155
4948087
9911441
5111262
8761107
8260331
6065400
3540709
6706539
7135894
8134441
3259560
56305
4327507
4121573
6625075
3868259
5632536
7260480
2943856
3194806
4503154
538739
3856684
7295012
7289114
9957241
7411635
2049545
3480683
1874801
4725481
8917936
8437326
4139139
9299394
6415951
8052195
3361135
8936295
3186638
7550422
8232111
9291827
8253836
2585524
5779128
5131485
4825097
6186590
5225704
2072240
2325731
8991595
1538975
7594227
715011
1246421
2898989
2064892
1818957
1567361
8360608
3065613
3426000
837140
604479
1195631
4326958
7434047
5078464
8961806
9041585
4530156
5280625
5936743
3828943
4329671
4046180
6378503
487094
9972886
1651818
961635
9364632
5254613
5970804
5759957
1382935
1027291
9944436
14842
8494845
8880312
633541
3046722
4255302
569555
3760026
6368482
9230275
7858325
7778323
701483
2767799
695450
9678144
8477558
2820291
9033475
2220016
1011482
2492361
4331522
3403766
7477380
2607336
4081846
5540649
6868047
3164348
6157226
2133771
2535072
3360927
9927655
3773376
7373210
937482
9128237
9782767
3276691
4708628
9644915
575514
2950819
7800021
6296441
7683262
1601601
2997495
5401090
5699628
6297287
1116384
8589246
7953808
3645285
3849270
2599239
6936651
1302052
6390596
2029493
6809805
7872899
4817876
5785570
6134483
3956337
8077302
7423562
6137195
4374296
4215624
8600544
2127613
5135428
7067228
4346581
452112
4898842
7624943
5563614
5758842
2497489
1625631
9064979
2330336
752319
8772775
980279
4420274
2904321
4218674
2821392
4603538
5169392
5085078
2365347
4433050
747151
9388249
9120438
4256198
739136
4058066
3760206
1709865
2568335
2504845
7964612
7867876
6220726
2563023
2082359
2877908
8931849
9263969
2963618
9912081
1426036
4926104
2323455
4686545
9973624
458800
5911758
749448
5426106
9309225
8309796
8448572
3681374
8370174
6538769
667292
7167282
73809
376874
6836277
5760451
6201930
8848484
6171925
7904062
4361977
7265050
3477398
1800299
2760702
5919531
5056675
2782854
4270742
2938774
5574554
8947375
6089851
9097050
6729694
1698825
5601353
5850029
677203
9221891
7317632
3908043
8676078
2724952
4278315
3500013
5547728
2633531
1386154
204833
4820031
8703383
9891182
1443540
8692864
7496852
6403272
3142702
5288747
9787666
2755258
860733
4227266
8644607
1228916
1062854
7384786
3919633
901421
5899703
4921684
8759854
5041203
1202795
620594
5853272
1500748
4277701
3367431
261529
4209833
6783297
9894204
4382035
2940904
1663654
1525593
7514301
2158575
8362632
8769842
9731300
7438570
9224397
663273
5563672
5145634
155533
3555253
9742617
3305265
7003080
4414479
3186419
3928975
4823143
5168638
9410137
2473658
2061617
666091
9007334
1332109
1653062
9535205
4509600
8182602
2686870
1169608
752790
7668984
4954429
7809496
640944
86767
3989904
1166482
4597670
1357452
8838833
8742531
8146692
5209070
6799425
1157042
7603732
3122626
3853075
2249411
2257279
4193225
3450778
400981
1817748
7325633
8846273
2382588
8719473
874548
4221746
8342711
3734571
6007080
7621667
2790405
445213
6137719
9835062
2303256
1081721
4270778
2014947
3348317
7700244
7323123
8586189
9121300
6586874
1431810
1729200
6589188
9115828
6283364
7637670
9942388
7692509
3780859
3731368
3987096
7485614
5144740
682697
9202151
7909700
8732347
4190912
7002677
6962569
890848
7175352
4414576
4714690
8462241
8030501
8238904
116377
6497648
8219130
2115527
1760105
5795915
1915559
2195544
8320278
9994566
4372921
2963585
8275138
7910474
2658108
8751206
8632695
5774529
5133317
8404381
3440142
7633371
667431
6653474
4402919
7153379
6395803
1675497
2670675
690636
3068335
7074156
1086188
9743923
4445358
6165307
9171133
1186646
1207524
7780878
9819498
9893461
3903684
3201821
9435265
4245007
432691
3116558
248570
1007397
6782520
4290407
3276469
9094686
7243094
8381961
7340102
2380117
7168719
1801518
1341231
4059859
9227484
4319059
5713620
8665092
4711164
4061012
1073607
5843796
7176957
6187556
4223086
4937601
2773968
5196820
8709970
8414137
4800212
5422240
9848905
3966965
9748902
6644410
4735202
6407489
1542508
5443071
2866640
1725193
4585848
8268347
5783876
9350585
7980753
9539621
608506
2006615
9315786
4766744
4214309
9847920
4519144
3831794
6667907
620156
8466329
7740106
1577620
2071590
9113748
2107891
5459971
6880149
7536244
3776008
5795778
1836710
2137804
2230725
7560245
1296375
1059979
309303
6495844
8689222
4807458
5882475
8462560
8347051
4034226
272115
2012405
3490916
7309784
1057467
3259909
9761506
2056029
2616793
2168986
8396514
8619199
5951259
9732267
8357605
4221072
8117273
578123
4297053
5253117
2486707
2785115
7918667
2335905
4979835
8484010
967284
7734555
4329974
4913184
3244390
4007524
7942787
4334175
5852151
4185939
4173572
1953176
4725179
7783132
5175859
3336042
3303280
5604297
7394383
6565138
9534602
8344398
4193273
564449
1211721
954835
2074448
1448084
2731495
8783307
4612760
2950616
3712165
6196608
4430305
2498930
6677432
4929451
6259002
4224371
9772814
6090205
6200802
7456270
9190182
9387578
2310964
4829187
7687037
3461546
1121072
9897290
1411393
9395823
3275445
8522090
1494155
1615973
1414700
241394
3339689
6212349
1379324
3622855
8931982
4623090
1527788
9869903
7513945
2353180
7087812
3707176
8049416
130784
8970128
1143046
3203857
7667151
7463867
9656978
5200505
9424630
6730637
9914769
2380068
6112546
493631
9191067
547307
2264698
777542
9107015
3599965
6043036
2150093
915716
9417339
8127774
7929264
3557033
3038665
4669287
2046595
3955151
8424015
3362660
1680362
5083236
5285727
5373426
7766805
4608494
6310794
6328544
6688150
8539971
5153753
5283985
5478389
5821490
5890699
7671685
423727
8373154
8273759
1984751
3286765
8489762
2967073
2944465
7286428
6539154
3136712
2076983
5498254
6358838
4524272
2408154
7467333
4698083
9318535
5566357
7128118
1549733
3085488
3382143
6306832
4740576
9288026
5701972
35021
4767355
5846712
211474
1782899
9389285
562357
4450288
1171849
6004605
1947421
4771913
1536593
7394923
7709334
8553690
5811090
7638150
9860929
9286218
1987659
6783501
4923087
2612955
8136221
4683959
9294112
6309653
7337836
3414593
301172
8163791
9974072
9020950
7950183
6857930
9963075
1519599
1472430
5287681
686175
5132035
3810192
9496256
7108349
6246363
4573988
3001677
2676824
3285826
9381070
322521
2532488
3745937
4718226
1086407
9508342
8109126
4328339
2736897
5971608
4393774
9550056
8125951
6216536
2843598
1990247
1616665
4300189
2845810
529203
283960
6699057
6466171
3870712
9466276
4991213
1846967
1645526
6526452
104462
8093751
3959334
8268798
5763999
9897001
144866
7955074
6565334
4185703
69013
9534785
1767149
4072545
2931117
1733933
4386163
9281900
7354006
5464165
6358380
8448935
990164
4745405
734885
4888768
232624
6497943
880391
1393961
5173356
6910925
2163522
2884681
3250096
4947965
1871486
9583738
11504
7816543
4540221
4194162
3697568
6786298
5536622
5633695
220594
3349589
1224797
7257080
9455829
9966353
9292110
2720161
9759296
6321893
8495451
3505007
981208
8520032
756699
7452824
9861084
2589136
1494485
6682294
8855550
3004072
8322714
9884876
152379
4406775
7928576
1617792
869100
933821
2044976
2672892
8555683
7506358
2230016
7206354
9445157
1218805
4639517
824185
1201483
9467419
292004
9519531
1001023
8820120
6760083
5719515
6852642
4424063
5161057
3548685
9446722
3806006
507576
7179374
917944
8254781
7947796
8658598
332787
942022
9785967
2070293
2804087
7515996
6504136
5025797
2246036
1522365
9804990
1895419
1260593
6785389
8855885
4084249
7173820
4979431
7840675
3273358
6159891
8471562
3258834
9490447
5015352
736210
7383798
8104576
5144337
2475402
3572826
1501717
4407907
1578952
187447
7342953
9335483
3120628
8500964
9793471
8081517
9857914
2388974
4593435
5182033
6778436
3641147
4927395
4224112
9224608
313459
7276078
4433691
9655274
8067235
6789904
8258431
3131000
7057618
1791039
2043640
1935549
1104818
6657191
7841724
8392124
7355395
6896169
8783403
5079612
5139564
1656854
2989441
1254944
3527894
6111294
4036416
1911391
222676
5317739
9662154
4391579
1409791
7558298
6489957
2107314
8942221
5440339
8107914
7472029
5714696
9202073
8107079
9819809
6175637
7134882
6216937
3233844
650463
5585819
9780515
2209629
6337361
688597
212038
8739200
4130855
4167940
111030
4584347
3055120
3969189
6592281
6667621
5080855
9156282
9734845
3344120
8582663
2733882
7191556
1865437
8378552
471870
9844163
2262286
8387417
7918881
217772
530753
5409924
8704217
4917823
148939
2129223
6799153
3607623
2743904
5433450
6168481
1720547
1934091
9988084
8991425
69452
7828473
6008953
1665757
1555208
5781979
9628621
7708951
4687120
3367973
3404151
4655065
5866301
5843355
3729947
6760265
9965230
2896431
5332796
5620578
819803
4377357
1708815
1178992
6100217
6098493
1640189
6985581
7959818
3018300
3277301
1014718
1907649
7610174
1960307
4231267
1674348
3018481
4316211
425190
3407340
8732701
9809547
9843249
7765146
4558130
1580138
3023438
9267146
6248204
4314837
5978159
6677211
9244797
2064320
5102473
1165391
4539771
5084643
963050
8686773
7400592
3476604
9781113
8980386
9076730
8562315
6347793
272532
120759
5616463
804529
6578969
3012383
8699223
8942312
2283067
2306861
4960851
8836685
3061095
3693100
4774167
7181578
1952193
2537697
2874048
2547510
4577321
9385986
9011770
6510701
1801924
4687174
6181147
1131426
6666927
2405529
3268338
9301229
5066811
3440363
9871826
2968306
8276340
6519198
3172200
8131717
6518058
984871
7534193
1560472
2023209
6944165
1797659
3152920
7912258
4026173
9497286
8763366
310321
2577993
4397956
7804799
6206581
9309418
9124656
9784660
637003
6319028
1491174
9371993
1010142
1276008
675805
922200
6242206
5514879
2361937
575722
5813267
6107964
6763374
1426913
8367299
3801575
4449097
5942098
1521132
7206046
433235
7605422
4617587
4338056
4078822
4211247
5434070
4022460
6141295
5754248
9067173
4066281
3483338
1882935
4988381
73753
4820731
2034271
9696909
5976908
5611022
4745920
548188
807233
9660454
3454212
3405743
1868901
663969
7778313
5081475
9398085
2550943
6942313
9258505
2799921
5186093
4376655
6447349
5869617
9263777
6675828
4642181
8495091
2823222
9316999
2698901
6140840
7632235
5253184
5104218
3266383
9393075
4799442
8139770
1150310
8197226
5852767
6322065
8591579
1904011
184194
2817280
5559730
4913195
5233954
458951
3061323
1251573
7086897
2489553
2489066
6818280
8244123
4970992
3785545
648291
5150242
7139306
4109414
8174881
9040309
3608665
621571
9182326
507388
8084101
5216511
3068278
1967661
2420449
1201716
1358215
535068
6059063
6216429
9955507
8255654
6679472
444518
7299767
5657019
1412782
7252141
7518216
4193944
389526
4893195
7626201
3111672
5028565
4238854
9733191
7079023
2260036
8732304
4836615
7643325
965357
9977823
6012443
9928675
8116721
3702753
8238191
2960997
8342385
9005650
8702882
161842
7877654
2796239
2402449
650244
1003083
7308692
8568043
3711138
6355871
2077403
8477489
9642113
1655461
3799453
6244853
5791751
9480168
9856227
3117633
1926976
6913501
7341360
7054869
5661359
3248976
8195630
8293989
8804809
2364645
8144006
2119587
6599953
7318690
6370288
4474896
5093111
3628467
6713299
1502526
102708
2464486
6832704
7852369
2286858
2433034
1825568
5389298
5813394
5174863
7505541
57028
8196689
9862051
1354991
5376070
1560385
6275172
587034
6168326
1252330
8329462
5066444
1888133
1745229
3328023
3411940
6110691
1378873
5284723
3356456
7098144
2988431
8368030
8948040
1484658
2405554
1338531
1514372
4016174
4748098
2060107
8822240
6759008
2213884
2719215
3656970
4414163
4171723
2052189
6104567
4719337
9377050
7706403
1869789
8854836
4641658
37892
8287548
7684667
9002804
5222981
8264421
7246676
4792270
45032
3229134
5797020
26205
4639085
9828642
8593844
9837213
5531604
2013262
919327
2094563
9755798
4296920
4553517
3920772
8883546
1843111
5596526
9603400
8278563
6550041
8707688
7567842
4842817
3433195
994603
6500979
7431476
9592845
3333714
7434000
5277189
6757683
5110315
6860338
5097410
4764223
2738191
5442715
6971254
6139387
9464868
327610
1177281
8531268
4864437
7213296
6004318
3205246
7835316
4567209
2669502
8784385
4542065
5706382
880665
2347333
8455765
4093527
3650671
6728489
826455
2022714
327947
7678626
7274082
7676966
9783234
2916344
3432953
8804238
8486000
9519733
4883936
1930487
7352736
9391961
2801406
141763
3502738
499740
4580376
3673248
6689717
8266077
1830438
6507712
7157580
4998082
96940
1745572
440227
7992919
249844
91193
1199662
7751504
131004
3094622
3528062
7694875
5530240
5652966
3243794
905507
9555086
1968363
6620667
6521962
6358553
4281791
5992781
9662712
7395423
3378109
7406731
7585113
9452419
8267287
2907631
4307845
5704532
1868461
1773116
2245767
792717
8093818
8491835
5868738
2203000
6595073
6393759
363042
7337352
3580387
2480059
4252168
9299035
3723832
4521252
8710709
6644302
9499476
5969332
9009373
5688988
194972
5060737
3818720
4761483
5593118
8909764
4659811
167810
4321414
5576511
9105488
6838295
9075794
2451116
489761
7565322
2501446
1522193
2800485
7095761
1648141
240394
6722102
5587079
8836988
2230083
9888824
284472
9456993
2314098
8294143
6000363
6691455
2993783
7680726
8330525
3373531
5835952
7581355
4015113
9134083
9459414
9684292
8462364
5471988
286662
6582482
6852678
5355345
2409395
101176
2685522
5327954
326512
8177504
1415786
560161
4393867
4617201
4581817
3764187
889066
9448757
6243813
6715984
6661028
1971333
4450512
2923177
6123564
4960439
8081249
203981
2381194
1023211
2306645
4559756
763686
7710434
5816589
1197255
1750093
622061
1257068
9297778
1089257
7806954
197596
2595359
8732523
412718
5974268
5647617
4096700
8120632
600191
4581306
7724039
5247368
7101143
3468042
7890407
1397612
5844892
9481480
7555503
9881398
2921501
8848306
2000878
7540108
3792278
5181517
4328020
5439831
5399359
5324668
1837186
4200261
1833654
8783466
4215911
2623512
4110380
821402
8408002
8406237
6456024
4454420
557490
1512889
4411805
4683859
2842044
8925552
1513815
9819453
3378881
8646413
2669333
2419319
1739648
3251049
54786
9851817
7814634
2084512
7483149
7650861
6144524
961646
6149964
7174351
2579331
1329803
9883294
3311552
1343883
1147513
7126390
8283652
415192
8174424
1460996
326094
2646888
8666527
7559774
5071537
4859230
8703462
5797243
8230153
9106205
8120508
559825
8759232
1946092
1310366
3040745
8788998
5211897
2991276
7316389
4747604
481476
3939366
7042543
5428353
3143539
2684076
3076604
9122460
7403790
8131844
2064454
8750085
4291911
986182
5409878
8368078
2726145
8946288
1761755
5527727
9203156
9137257
316097
2203607
1461549
3787780
2484072
8941237
448967
8803754
4250361
7281337
5657684
3490251
8758498
2597492
9919240
8977527
384266
4740733
8636858
3750403
6201701
3420977
8801902
7126801
6862254
3411737
7892911
820781
4438535
509344
8394933
297133
4507908
8132533
1973350
7510963
6005217
8335990
5248996
4877149
5313780
2260751
460653
7898649
6741613
7253550
6387192
4327190
6741960
1732262
7053081
9238351
654027
1293700
321894
6499888
6833653
9369302
4872498
3333321
8854292
2840239
4200103
9363164
5585202
7727134
5231224
5894022
7860389
7552482
7077315
6302170
3843891
3602419
2667826
7855779
6385582
2746167
284175
6952667
1459971
5565651
9812070
8115503
9972586
4596459
8412800
3648833
7039816
4876338
1888253
5946034
428847
727648
2006884
2586717
745645
8931560
1739650
7387458
862054
4245866
9070881
7695916
6344767
2631519
7225349
8333191
4854416
5215750
4596573
8706828
4526374
3664951
8060389
4428579
6419525
9298344
6318671
3907418
5087242
725305
8357409
5499216
4370308
3088957
5820871
5894825
9234583
9013170
1327741
5125115
8586713
7203291
7392142
5046112
2718787
8725416
4804177
3857188
6124466
5219525
9118070
1017408
1836506
3208481
7179240
178023
1790328
3428064
6485780
4266495
2107491
9723341
126336
1154699
9628259
9712726
3379975
1566894
7642789
4088035
8772608
4353219
6793045
5931069
9712556
8711603
8555032
4961729
5101055
3561843
7798378
4392698
784288
3676968
1021956
4794960
4827866
1990034
3944090
8779036
6023240
1377249
6539934
430710
8424564
8970071
3404510
417702
8820117
2753316
5859002
8722164
9822909
865604
9361328
4637090
3469222
3224534
7759064
2110774
5200721
7259323
2010592
4326078
2138229
961248
8789872
5441106
6342305
742023
40456
4674174
3468466
4033684
5635656
9804821
4872204
3578336
2825058
9397415
8039187
1569262
3333576
889471
3376041
3359170
5957278
1122511
2559015
7019795
5927772
7812078
2489313
9644946
461411
3174482
7230318
9708546
7368482
1049498
7379869
1995794
6701268
7032246
419504
505254
5981400
4642583
4533397
1151304
7044404
4134533
7731055
4764259
4568353
8068947
3729329
2860516
8513407
5074511
4645567
982605
790123
850822
8778330
6169168
7747750
165793
2829876
6062132
8854609
7256977
1800542
1823477
4471264
1547484
8017921
7473385
6932121
8251121
4623296
7666121
5841326
1879048
4154048
9643466
1934695
4494825
7558871
5162415
512786
3812970
1998017
2108560
7876361
6014553
8631572
4580067
8398066
1407561
1036199
3397684
2536438
7575002
1281212
5538292
3759749
535486
1570688
3320145
6917696
4174806
9440738
2688028
411410
9420068
2539134
5252330
3394051
9706755
6154178
7434085
3754488
9325405
3835927
6137517
1478545
8090846
277484
6305214
8092287
4947864
9660548
6519473
3908168
2108298
1723924
9968319
239427
2502563
9352631
8661148
6570039
3094714
1298474
9670079
5280911
2474446
7629593
5994993
1941569
4011452
2532286
1140792
8061861
1894913
7488002
4513800
9272297
5926516
3143442
9074413
5803811
3465566
2575457
4502538
7920755
7815838
1484504
9637851
4031126
9333221
2658409
2334753
7328114
9769940
5519997
9165348
2479734
7010498
475391
7975022
2089446
6663017
4354784
5342913
6226209
4808855
3961243
4177551
4072607
2794234
618176
4407193
1355553
8274754
453344
1363647
718687
3330264
3885790
4114306
4364395
6049924
4365391
7872231
5284466
7532651
5347616
379822
8901535
8676611
6296385
8225976
320883
6691885
6095033
5528836
2043548
2667561
7773925
5563675
7916551
6384606
3590645
2136567
1368011
8473951
5529717
494009
8761640
721024
6153892
2049269
1999119
9988470
93962
8859906
6953839
1910179
7873045
4606611
9474767
9858143
3687315
1572836
2738028
860345
8247990
3713122
2991865
261717
4264684
1278708
1887779
1318598
5230890
4439263
2303448
5536901
894106
6343818
8462991
3480316
1223209
9349758
2142566
8771448
822987
369990
8398548
4444969
915731
649168
7030031
5530951
3154936
9304115
9783056
2474048
4145659
2593223
5825267
8042236
6475599
1327543
2596736
9523604
1418465
9230205
3457960
9686799
4138727
6363944
2996088
8760986
7367225
6466212
6795582
1608453
3808808
4175097
8542372
3609453
3319829
3890073
4218036
7636608
2793293
2697033
8573931
3309246
7099929
8983921
7300123
6229799
6554625
1865253
5007053
7939690
776071
3762647
8090681
1231163
2618438
3139935
3489190
3817495
182900
9133020
966910
996526
8900955
2769610
8564743
771110
9984259
200802
3554636
5738892
3638189
2005491
8359584
3478166
4714048
3156936
6072248
5211886
3727504
8657764
4364474
9616948
968453
8333312
669990
2944457
1353099
5396471
8893422
9091343
9851474
2967665
2265090
865110
4348003
5501880
5944678
5617045
3654313
8097260
6296005
77440
7199928
1132667
3955818
1907884
3576920
7033213
6915247
9366089
9702146
5808147
4144775
5772431
1670685
9108131
4094536
2783577
6064562
1488376
7610452
5531335
8254495
1667422
3663154
8605619
9426177
4165665
9170995
8889462
7241263
4012738
5609098
456373
5457729
8556300
9051168
4672881
2998459
7214876
4737555
6087299
9284513
9778103
2785753
7204529
1286458
3931566
7345055
6757791
8789041
3269453
8132415
1053292
6982508
1638772
4743300
1921314
9303615
619882
5075590
9896772
4095675
3747995
169687
4671462
2613381
4084742
3135236
8541475
9124316
6247607
719950
3903099
4619853
4242957
8462485
6718875
6213862
1320642
5198468
803670
7425728
664318
4951158
632812
5128000
6396204
4620657
9140761
6305198
1458619
1793338
5388452
2499861
2022829
3672506
1188884
8926172
2895355
8945031
8187505
5736744
5693618
7602388
970113
9830525
4659158
1595680
3170801
7342826
1972058
7852783
6058167
8457685
4581885
7878236
9310711
2428730
337292
7383206
6210823
14561
8485171
350886
7398789
3992716
1668892
7754055
1906546
6643783
8820292
6260792
9589147
9798699
4267724
3009208
5176754
8658099
32938
9113618
8979324
2004342
637583
9502057
743117
8967511
5371298
9512028
2779937
4675525
4339250
328240
3956076
8816459
8762827
5600104
8696792
351868
1195273
3901938
6209850
2262696
5705094
3604133
3210121
1473050
1698736
7496258
2188188
3098249
7086665
5462256
978219
5751301
3255588
2169779
5372782
7087141
6593671
1776870
5519757
7547093
8345653
9404887
3119223
410600
7823587
7482502
5474828
1074991
329733
1706847
3840355
6188601
2401772
1338200
6703798
690555
6702663
5169877
8050504
9322495
5635908
1771331
9014688
5440960
6778732
4100686
9726095
1498654
1315112
5435109
6458003
9143998
1322457
484071
7150772
9124857
3237311
5409572
931266
3487121
3504863
8004214
56946
1140500
8000675
9737308
9220094
1836897
4459385
2011519
360435
9635928
9867624
7374764
2950061
5353244
8791280
3579271
3266956
5736897
8065432
9334143
8659812
689411
6955626
1010982
125147
6989148
4568024
1938660
3463686
1730070
7532255
5164691
3601687
8328209
5888039
9914696
4107295
8477658
3761332
5220317
5338181
3610790
8978170
3224746
5777784
3304057
6023750
5413689
849790
511449
4626373
5962962
2318764
5400458
7707487
4805298
6754357
4113179
3603767
8841423
5293190
7657637
572747
1190665
5261120
4910930
8222807
7871651
828524
1540678
3423752
7651207
4563170
7605140
5294382
6306023
5088781
713205
8000154
4911860
127809
7398283
9970829
716136
5553155
6760623
8881504
6146764
2976919
9757939
2964243
7900540
1277438
4064064
3875945
9782674
4260977
6945239
416531
8214343
3163554
6304472
2763596
9100169
6794258
5640967
9683605
4699774
2460704
4326186
1415989
108283
1083819
2749603
7287305
3743483
4440774
629823
2390147
6230067
7460580
4485753
5264302
6210796
5473221
569609
8954820
9452653
3302493
9918064
3908573
3238580
7730741
7695193
2865481
7392586
4207092
8681930
3077193
3049894
453643
1166594
2212705
5807838
1117425
1145252
8643006
4530798
9749683
2516450
1607769
3573509
8955200
6914401
2663574
1104703
6188992
7692267
5376038
387579
8095713
8633565
1027465
7727541
1737138
8210476
189876
4812944
3040419
6288498
4760208
900142
2981451
7755088
9415739
8116648
6003124
663254
8079149
6641982
7830696
8510070
822683
7590105
4455225
1767959
679644
2869576
3585061
8409078
3613286
4205911
3951814
3104216
6628177
618572
6401925
8003257
6237203
340073
6962419
9689399
9903701
2941126
4691517
6235783
7324179
1004090
6167146
2768216
7911339
9089223
7303630
4493946
377531
5982422
6657190
6518334
4123259
6615156
1658404
8983912
3393828
5964090
3041749
4929670
634454
9852989
1484749
5114322
9983049
1767970
1754981
6726274
4177990
9792012
6090935
3241785
2178105
6024264
3976851
6743578
2886456
9191871
2710730
5424555
7706389
7508551
8330532
8034433
6838592
5676600
774028
7989012
2104617
9811463
5695828
6780581
7831672
6546557
3375074
4462686
1761269
9732815
628013
9370542
6520700
7505982
9170022
2748998
6265635
3955880
2570519
7836523
2227926
3721824
9639552
959298
7290942
5555384
4410524
4569259
6770106
1643780
2161809
3161350
8774004
7765461
8309446
2798178
8000807
9253313
4644524
9885330
3374771
4891028
892848
874643
3192020
8058960
1839816
2955274
6310357
7264405
6817101
4324283
3026761
7732768
9913195
7150676
8778751
4775292
4468754
416041
3877732
6215187
8915964
3974679
3711738
696651
4749600
503758
3533206
7119664
9439472
9396151
3216116
4723019
7394311
2040620
9121247
9010139
9512359
4120676
3748864
450213
3497288
5683510
1090121
4464963
4630350
4837111
444821
6170355
2788637
5023709
8769226
3517691
3729569
4215878
6944323
6695958
8078270
1467538
9291399
7544489
8969038
667294
8600803
7785679
9812423
5337172
6476246
1129368
4287384
8608619
7675893
935206
7998296
599572
4372121
3612033
1846297
3920385
3735656
9029731
6069164
6058160
8253675
657066
8226393
4227504
3961718
6474585
6354445
9337254
6129499
3275640
6470759
5883033
58290
588443
404823
5802594
774791
2685396
6545727
9069439
8569218
2297639
6565816
4543630
21101
5385407
1168780
6872113
3087014
670352
6925279
737932
79789
4814403
5986180
2338409
9912462
5891077
9134221
4497607
2310395
6177312
8107688
7480682
8187286
2494799
938527
6125373
6553667
3808985
5719258
4610161
7035711
2363135
9913092
2452943
4742683
5270656
2613314
9031171
5095459
7451551
7170876
181980
2258129
6832169
9919285
6023242
7666813
9444927
3355051
2129984
2435242
1766173
4310217
3549448
2285470
4199507
918612
3176948
587114
4897471
7488845
1044267
2824563
5265869
1073962
2687407
6909232
8597844
1748493
1028679
2508881
6526758
438844
5107842
1139250
6759209
9378147
3169232
8970226
5290803
1695724
4430414
6609914
9170477
3500938
9347494
2536839
7791412
5822980
674554
1022605
4678299
5540113
9633783
9087165
4431049
6186423
6527167
3226245
7991497
3766143
2498198
2666121
3019355
9320724
932372
4319866
8063321
4315137
2311800
5713758
5187806
8773470
904601
6452605
2611657
7309144
2760312
2686081
6844873
4182732
459044
2848671
986845
811224
3449257
4486671
636305
2977735
5283276
1130775
6305101
4483167
6050766
1778443
4639592
5788564
6328841
6274839
1811021
1653459
8884143
7407205
7348703
4208588
1453901
151165
150579
6550878
2369201
6322291
3046506
5842807
8476854
9828094
5808098
2316268
1114074
9702679
9440127
5400674
8757174
8004176
7129837
6038108
8892614
9829239
7284230
325186
4423755
3619809
3818858
1150268
224659
5301797
7571382
80309
1947701
4085113
1043198
6239710
9493839
2396132
880807
8961518
8554049
2313817
1924321
7871882
8817991
5244066
1930154
5729163
4359595
167765
2139021
7552744
8693552
3857033
1015493
6400244
3491837
3312249
4905478
140542
30650
8899483
7468542
3601253
7317877
7672349
4254472
3312580
7819880
2722050
982631
376594
7755426
107986
5937469
3982119
4587060
8579607
9770750
151127
4440277
5274009
280684
8359656
6219602
8004548
6233007
6028165
2101589
4999697
1783584
6568779
9249063
2073508
3721361
9995849
2027508
1792879
2599144
7155076
6178970
6653692
2839911
3515241
827473
8275793
8388024
3978992
5407571
1834178
6448274
4636766
9828698
767659
4352558
9650308
7375072
4711478
5302274
504122
5171977
9062029
1602728
7149727
9194171
9657096
8735400
3731785
7934176
4119145
3903842
8608507
6119883
3014342
5699307
3470199
6511000
4205618
7821423
1281060
8621145
