464940
856266
569387
58633
200975
408709
544394
627461
544991
414168
350689
123174
878955
425112
377519
466503
325960
329079
64756
88561
494912
592223
933425
310348
943518
341197
581294
688887
678360
453602
702539
971951
243740
139267
100026
20190
987364
938496
218327
622464
416902
949091
885920
395142
785649
702184
90865
746849
437484
99151
963582
42102
428000
993670
193467
392807
822370
176637
176080
850772
603014
646612
894221
943731
833610
976347
920300
545615
892054
793490
333380
721875
156998
917842
541895
48032
791724
867007
418891
586329
710695
138514
344208
278328
151676
98524
439740
249280
200422
447877
880780
738634
4916
968485
888994
76044
597389
126929
826674
826903
195160
198803
836781
842938
701323
597132
954490
197308
131913
206360
915276
658035
238861
187516
857662
188883
350691
310777
118787
995292
552446
971430
471631
3115
60433
982827
509519
439619
120700
301897
498231
370796
162920
634451
34982
972719
680127
903175
710323
916038
643753
614968
387291
59511
528979
940318
448811
365989
463487
181477
265483
203591
967103
951102
989853
291115
897732
71572
559136
635582
400205
803405
357269
363478
633113
144733
163374
761018
864207
580902
988425
443463
247764
397547
25932
14764
611679
304209
179261
139768
624814
385658
51994
256801
366587
267850
500664
133162
755695
821560
472490
877201
406332
225681
27035
574712
472261
242317
611314
805466
463624
419438
587537
802141
386143
242714
804143
431854
714758
787733
671124
53889
719966
711554
557331
556937
551365
386023
505229
930119
568515
665726
650603
84049
587480
432303
958990
484787
752560
390627
611531
84134
415152
467303
133724
56200
196053
404384
202798
45022
246088
296286
209661
862058
285090
359593
56286
26160
415021
571844
174357
504652
690383
940209
838619
958275
388964
713915
46081
4641
105774
987761
664503
743532
412858
440158
499833
198402
19612
219086
799571
349967
118886
625746
998327
521758
253974
466892
224206
866658
682804
228012
851842
885106
485829
32479
60414
42207
854331
365957
668151
245561
742579
600847
498120
372430
461379
876436
558408
266391
892825
348471
997074
202251
977713
274447
698812
817548
590269
118829
59137
651889
806514
473282
689044
829244
566923
138812
775935
649824
259945
171982
997143
243127
171779
563013
227071
350937
905099
837144
353181
639827
73552
599514
189954
722231
103206
678008
720357
95660
452840
223199
478572
942400
715771
530516
198889
922091
449103
795155
221658
442628
642126
603164
347490
51249
715390
307922
819407
219063
678586
203122
563544
444764
311694
226085
180275
422108
410851
668263
167774
580591
627511
663367
35520
78212
156254
104581
576513
606667
636219
367165
149381
823053
926996
438919
111316
212273
35521
893351
678419
582172
420743
939301
808142
81239
559585
408776
446925
92878
34463
965455
246453
483931
677759
48492
410212
287637
416506
604906
388058
705827
991070
668045
296311
617689
245169
807926
157749
752640
829910
601988
553508
145056
32780
682608
128811
804953
23750
630049
424264
648846
977970
665751
586030
892346
809524
33582
480974
169125
661022
386645
368279
578360
912184
340426
368593
443449
149622
233192
188707
483763
697568
104109
926210
383895
298995
816540
795541
154237
710882
463347
773009
763005
207571
719453
638057
353056
786883
926365
462447
313709
813224
997073
978022
999020
54900
938084
993327
719668
894261
417986
265095
171590
605231
470045
342206
729193
14049
764997
112895
844645
370173
35488
116617
416924
235175
365855
78404
22317
156358
135388
892886
146069
159758
847173
341531
389149
68293
642522
494281
976874
463367
93084
679900
574102
504450
341717
638226
119381
538923
856883
959670
362314
381518
555764
859146
65509
717888
693499
23366
456591
485894
38882
188861
660081
553530
930829
988660
503369
128309
172319
718991
714843
202820
118199
93954
347629
743954
560561
779850
452525
707461
111876
312520
935236
277904
621296
424566
147014
179976
314440
914027
205813
663405
516110
626340
650320
102310
198233
402240
577364
574313
613755
887585
345749
83299
561909
528972
737130
162131
322232
256445
262897
563196
284657
71250
693409
695163
719924
906514
288350
25578
315173
999531
845253
475766
562298
415646
660500
493018
923652
211000
35805
671480
806541
477511
476425
479427
693853
897897
491080
592682
158771
929351
948234
10063
665910
21383
596673
72619
614021
146395
617544
251337
764181
902913
677375
490844
147246
175070
844456
536826
180825
341071
947730
483706
773973
838686
47048
55919
557669
780718
35768
819780
597801
24767
879064
542901
671175
452826
307993
135959
913826
606126
620060
640228
633905
558968
801092
62615
984686
670916
855758
274773
705635
311617
524544
137776
725280
789931
979180
377055
12549
534469
746356
410788
704182
863181
134009
886516
769520
227986
759082
865952
93189
255136
603990
844915
688100
14237
115176
685405
267621
197762
508110
279818
888353
618960
65998
404571
831223
569071
638826
653597
664064
939415
922964
791264
110028
909363
387633
843500
44464
4230
800327
938183
978423
292267
21320
502206
763233
29624
442953
631405
59105
117106
438970
480417
301408
982963
648639
182069
975676
957458
72750
69973
268346
807748
824831
441795
630779
393285
626777
299342
60430
285671
675956
862650
714224
391225
540258
556306
770251
372266
680010
807154
69085
459612
558928
66406
321197
46599
487218
409783
5967
721093
772789
239095
523212
414031
604603
406814
437822
365780
422572
663173
211681
867098
836603
954401
99895
976586
731111
63937
793522
851955
515788
523321
446720
670213
136173
502154
531642
395293
23674
695817
103829
570385
979871
845093
440822
163583
49126
485278
609848
241290
290557
90087
570463
407855
498830
23354
830587
627860
415588
817889
333324
397312
58128
666141
422733
282903
936479
326001
336617
219753
316385
366213
450307
831946
23286
985792
900216
574712
732041
55266
764936
653949
448972
153890
46429
411554
89439
817745
337714
846248
248942
345056
1266
164607
756854
483839
746733
110460
4946
250950
724056
478442
184812
814708
392834
326118
941965
707468
88809
973883
840219
152934
397181
73302
942483
25958
563336
350967
589615
488193
439407
932158
412875
675322
100588
411340
852213
322213
90911
466737
18290
367604
562991
872812
174723
484872
434457
860458
404873
797284
346865
159100
806199
872984
675938
198453
574786
189032
810174
808303
629386
582246
739794
394037
990252
454371
230127
862991
207088
186199
314081
753477
853800
792562
612472
961790
373204
779982
625341
229835
335645
122851
40030
859563
958331
332051
546901
481086
205178
526859
66769
763972
640457
593441
406599
905022
765018
298325
896069
151780
907382
458841
983807
227067
416271
363739
507989
49189
411469
893722
517306
712089
279811
890018
810091
236742
7620
192422
982580
134288
829321
608444
636753
787177
791146
373646
828763
657921
673105
338513
356420
155693
322779
972090
417151
96601
598941
355855
601877
331328
971682
398907
411398
25765
369509
195865
404564
91128
571536
692470
325735
849450
9187
221760
923152
370280
520139
505295
551205
981258
182906
60462
704978
852769
255029
845782
588550
606847
254260
361133
8535
606929
435083
544436
952843
283973
920671
361734
572452
126434
398353
513522
34694
333600
186533
700182
687786
711495
623616
660487
267606
433631
888993
590095
921324
847727
104409
432681
685770
83627
43598
126353
74776
99046
388495
760348
626528
770085
395161
231394
20312
33740
465739
177438
985645
292737
851231
779410
934047
449080
745314
165050
904076
523979
996468
166403
63665
242133
480668
923271
30333
356397
317132
170264
864654
139226
90614
283992
783655
185452
85740
391254
697451
623074
288717
227912
630141
189905
140773
465916
123929
555971
430153
495379
319603
549325
351464
141267
260122
919152
434498
986786
657280
611734
322860
310806
790206
800166
589357
698168
718590
676604
11717
471944
94680
9097
305001
596520
27502
353860
506837
927673
789803
785085
389277
708938
210578
624605
228235
555893
407242
64533
223662
778057
490405
659051
692576
352907
491294
503025
988888
782063
321728
449873
421183
52635
119010
979336
949810
905026
937019
933936
161109
187456
894150
372043
27462
332739
157479
514229
598290
60
254324
971611
145267
841553
195754
555016
819517
352598
414503
518343
34506
126649
83805
744289
280227
947197
802919
471702
786062
857259
525126
786095
552678
63302
4328
868701
611147
772304
185427
22064
152475
911797
523893
382463
338466
2753
512145
683919
303115
388262
691327
852186
122656
168489
409092
863253
58623
539523
171008
137514
266479
208213
359920
730394
109618
977334
98349
181005
942152
740696
456807
167514
702990
28384
178890
136259
893881
433523
623406
869579
638551
154871
582275
518040
336428
853153
355072
263429
690107
246399
74482
725125
242856
262430
894626
459232
252855
887497
33440
187336
212557
21607
41811
195964
17919
268642
249200
862658
754176
674810
903496
565740
197225
686297
986814
931489
60207
702887
437762
816857
279812
947828
281948
973816
297557
301996
928036
111100
596022
770170
12292
926390
512351
419190
3666
361770
667450
512180
450987
632510
103480
533715
739511
808823
944166
617656
675092
246219
346367
862918
171234
722120
46568
828394
424059
487162
853525
580029
510067
774575
575411
36770
587761
635424
67305
731588
980473
108449
410621
434010
132812
997932
901724
811506
327589
762621
647289
296444
696400
793470
347819
783606
520234
602212
585383
643025
451990
223776
488308
292101
146864
782741
508099
377478
69162
879075
41431
193825
77957
55268
721193
15549
53159
934667
977162
115962
167943
723753
451232
592823
715598
588682
910142
922050
564874
903725
911015
303061
137916
776977
28295
345683
434842
836497
548653
769469
985991
904641
312860
405755
167717
10259
521884
395077
451818
68805
188529
365111
254713
548532
509159
404235
412250
713374
659891
420845
544003
164921
10237
441097
963012
721289
254953
26815
867082
216350
744512
875254
570589
707183
422743
878705
768490
543334
751339
268037
6150
258813
62693
481358
321458
450664
83943
746460
368293
72758
343414
575730
565749
239817
415129
156698
330637
556317
868097
494719
96654
92616
959973
927663
233152
3783
772873
11447
422709
195483
525914
501355
727410
480455
971564
644800
982207
979250
712685
553487
124853
597911
160950
237892
276564
671073
123564
129292
878415
791686
44784
301613
234453
540121
974251
281660
532300
957527
531566
529360
54641
420473
259699
297695
302858
948246
988105
835555
568599
521610
173664
278116
875876
931340
209698
114888
736157
743842
142746
750338
833054
955648
102857
471827
238049
833847
430309
568026
499452
467040
494411
928093
468034
663478
629326
883313
437688
593247
796300
869684
40596
399180
3089
750962
456586
62669
483946
703287
234887
267987
223888
523834
584080
693332
512481
865152
818306
374645
307994
344400
942017
757194
135029
718643
49564
142690
411449
173416
746187
215812
670813
545189
438045
690506
724928
951261
212173
401733
837971
416
235723
238149
940493
691800
186736
684470
746441
65616
41792
626760
177663
48106
616848
36033
818930
496960
990363
521190
307527
256486
929576
920377
405305
318003
157953
839961
444885
470831
263921
590954
849380
281839
918939
833592
466650
209925
331887
577269
759878
774866
951879
892167
455463
489662
780334
301419
749525
758298
745104
692354
56312
298746
746543
531440
115726
271988
413919
292121
73414
841216
536798
27732
242297
664295
776298
303171
525517
712456
226997
932728
515852
114497
505181
259911
399859
713898
955367
362922
800450
993405
149395
341900
291129
973429
57270
764864
720978
219792
156464
502377
34174
584792
911275
870667
448491
610208
33770
688085
18806
744670
122
431137
989569
223048
808199
9814
503505
974139
614103
257331
515260
311404
225783
878479
244574
874567
904809
230787
974301
840252
304384
770470
571268
685716
791104
376522
473163
489647
58174
247160
403265
723740
590312
94245
491353
585690
568420
300677
395502
165431
112293
736656
136756
16963
539222
638397
529460
220316
803253
623436
801389
805988
470341
369518
815978
967065
517133
592373
589
501446
752200
782785
96639
110940
68065
436293
508360
941978
510150
180716
945185
590189
27354
973412
18836
731567
560382
901608
918863
414522
652684
80622
7236
849003
145635
469840
483052
889487
265813
14793
974045
497237
418191
291129
584132
905943
445018
955207
281275
161295
247953
455211
271521
896513
678128
29838
173318
16583
179136
541414
183674
273602
527081
570527
919102
418565
378407
204310
76597
639622
537356
872303
72794
961254
373653
571058
502497
947117
533075
650814
360620
423534
812527
460475
257361
902163
795021
164132
413840
856831
171110
690339
741221
588835
645175
352607
550796
534651
281983
958632
128287
630979
291192
650578
471410
695563
151501
278528
52491
307158
46654
397108
999465
737049
503906
222081
343085
135378
777078
108554
696592
267282
249387
163695
913105
326245
379048
115398
240243
347511
630549
481003
203172
330388
307143
836204
954796
459141
19117
446705
396951
814341
18503
895124
413909
543082
614500
526446
295744
221524
654789
83730
869903
967949
59297
54919
462951
15362
407759
774201
62053
648572
968596
749871
586257
391355
460850
102334
994036
598019
524287
700267
725061
246504
831589
113539
619233
443697
370335
438032
494656
301407
582325
798668
161432
926398
347868
793866
198866
434346
390129
957552
378316
185303
546818
610399
691457
504222
757895
879193
107507
311158
174672
177454
929476
202444
793622
359219
722438
207193
937336
799506
30356
983524
772501
772851
673947
485811
196303
418903
386358
678427
978960
769536
565103
704122
607826
226810
285713
251268
818601
199759
553875
403697
341619
268773
992870
330861
7191
791857
357829
842745
745262
122262
70584
31490
971504
607541
331830
434386
535795
9740
332278
861473
866088
686211
12711
709357
280989
349316
957557
833317
292166
445065
122723
26281
346342
243872
873762
52226
653372
303838
520267
151753
970712
364273
823749
781334
181315
322325
700742
69804
454018
159592
222216
601123
928119
435002
812644
304116
171204
746407
616082
758510
405041
10299
993789
969825
556056
687751
474514
759375
973116
617041
489512
402763
38242
504492
876144
842776
321665
894707
737576
470355
526533
966893
793072
429343
278044
799424
879470
388509
849903
514660
910993
271310
409818
641459
630726
344749
246895
143016
793655
411249
912016
910599
91534
343822
323302
477004
467891
642506
352647
236192
527158
504444
723989
450414
530961
731491
829999
507562
925350
653649
430349
597231
288974
942411
149066
358352
165254
223234
796617
233845
791169
198134
42431
363622
441638
987599
213385
681786
61794
334503
907966
13051
670464
243788
949796
130253
198244
629896
434430
293769
732018
908326
730711
792510
872519
457005
788745
108277
409041
335751
154949
843354
834308
626731
139991
209724
6542
788222
680334
205408
578342
407487
570749
131009
163523
331627
49269
644857
40668
764649
38576
47749
699859
678199
97665
365152
899549
372562
437202
93336
913954
885508
534001
344542
487582
87935
519623
969858
539871
45025
655295
609260
328644
117066
773154
755668
62572
636043
603117
630215
903882
622116
94573
422043
997168
213000
405759
489342
694615
651172
957198
811936
20853
630201
816058
844279
657584
266251
119202
589739
688539
90396
173041
251203
708455
946561
152271
840099
844092
959045
704143
669123
811163
675612
436106
543557
357725
621824
501724
472227
776285
56376
508821
238816
797839
143354
648912
416472
489997
189455
383041
756591
586337
666297
909550
797760
98339
464198
347871
475494
155081
424976
209283
110577
948218
825344
287047
945461
621345
714296
269614
311883
487293
28171
753371
608904
82213
789866
780171
623637
214370
691002
209352
341186
994619
358378
524698
405100
482758
717227
998068
130497
258609
767520
884720
903155
44638
191310
518229
213432
231657
297524
209459
547414
101071
478101
173930
97486
59022
586600
358939
493691
239904
262803
755672
235228
491696
394758
448358
126524
266654
640664
174243
6535
435323
936036
256929
993344
503850
674088
921809
715556
971805
493167
111532
451122
982515
229074
480536
187432
25605
432489
309082
52632
727678
225529
252929
640820
974778
531935
29686
178857
970980
228314
135898
731773
581568
336122
865904
409071
444128
79792
643123
599804
912459
362462
612045
430653
51997
583235
115693
941516
193267
619712
190627
937365
113630
169205
675958
151090
856221
296664
601731
934880
755469
376670
77373
741183
851294
879885
807516
278452
166080
656591
210205
607659
896757
828743
771375
417718
497045
135085
508665
251539
584398
596480
424137
405845
167887
785024
983796
360854
709977
900101
578357
271251
384030
265271
908992
919726
697857
324519
535581
886509
951185
570526
55966
311034
151186
634271
343028
591370
560675
835659
885331
50199
267554
390118
126124
136712
499889
901479
351202
541197
717172
539372
196955
140602
946632
933352
995851
147746
288368
955603
801339
199810
819033
63728
6129
726543
439620
757963
882998
680590
248012
35950
163575
293823
434854
559852
490181
526355
632630
327682
82679
969936
694487
459576
631151
243285
950873
871999
923386
624415
833268
696938
197316
786074
848270
417553
551715
142804
178980
509280
329992
457050
702711
527499
158185
251630
8988
837504
795305
889129
893033
31347
379237
37024
63610
821570
741692
721332
451042
181653
675311
474641
31201
785682
497886
804993
303382
803547
478729
272167
757088
929619
110828
133802
29431
361059
657337
618970
944696
333052
715941
983744
742038
281340
136678
4010
39425
949664
873447
766785
564524
611829
118631
263722
14088
74129
354840
991205
33357
643022
822161
866436
107469
639732
197473
397346
331734
70359
387024
298935
300146
676128
220672
301012
593679
38929
229603
516160
721818
982479
37754
489128
331562
440654
422802
489170
684171
918804
571278
415489
519295
941718
737425
16368
232947
861754
464897
396624
637171
193033
556137
607982
976313
175623
713393
828768
265464
639238
364501
662019
624583
381346
90774
424197
562250
393875
50872
922984
851546
177328
444982
479506
561659
691939
700326
356187
273799
113668
712200
616686
486357
820307
949023
139161
72526
781448
359053
258720
50909
142867
358802
278629
504044
465998
706092
507201
545376
940852
812744
895038
588715
475299
98956
345409
417686
213716
656797
569368
308784
826352
266620
9136
725257
979208
327965
701460
813782
789065
195960
719252
710289
900476
926729
532148
272132
562544
995230
970637
749920
807884
160089
703240
430042
556749
879000
273029
816146
147430
457468
723102
147376
718961
365759
793041
963732
426806
19316
178013
323466
288364
212694
958057
80396
312706
481427
962662
542005
966344
346495
587724
891161
377637
631774
907360
901795
386109
735296
349255
759120
765009
974169
639630
701163
236904
63650
392596
205587
896609
969644
330528
272072
169039
127635
585273
376917
90858
910338
441892
750054
212647
280071
3008
319505
571095
129822
931521
939187
776361
598766
491611
814366
103032
855131
573489
619778
422645
593079
336318
863927
874938
665637
130699
800619
759682
698633
402450
895070
994672
110136
538905
836151
754739
202383
863622
982287
542566
543466
835576
322085
22999
313527
114432
209581
43894
99362
478610
622469
258325
203666
929981
36313
249545
340119
870232
701223
570967
424091
736644
964660
924809
292741
442543
899158
883721
41895
53195
695928
701525
760046
498101
879462
345439
766895
990807
857687
148551
843164
851549
517903
559924
420708
990751
914749
658486
191116
186188
142554
797489
560101
820727
701520
265508
591460
562599
369554
165714
533973
571707
437452
818464
19758
719679
96160
873833
848845
40892
350645
816335
871031
763090
851874
558720
311490
270381
678106
130087
518472
393925
379524
379105
828665
304659
120835
975759
440652
743664
649181
222438
670295
781423
812003
301111
472157
734932
232639
104922
312705
988590
902530
631676
5473
699731
115800
39556
503341
2803
816277
814575
309130
941419
228993
101151
265386
110429
920618
967187
361701
964213
411493
397219
694181
265556
997783
801417
791902
345451
260053
633304
304222
941374
748329
521157
681079
763791
226468
953819
612101
722108
879892
622935
980177
843042
196878
456114
851281
943587
525310
708823
858708
328850
573144
479779
800707
529165
470361
288088
762466
38806
213021
892488
861149
368086
992530
124588
710595
790872
152565
909061
219482
916859
888488
14835
305169
413678
267331
893164
199164
590127
966451
666908
816834
743928
497045
478374
228913
910063
648872
591036
787796
153250
438286
215382
945377
843086
88168
705592
91153
149027
269235
651219
886569
811441
943409
983853
340170
483509
722732
4659
675653
295907
119155
205018
677792
349975
204854
404979
214716
898360
60620
574248
426384
128495
918912
343835
136835
431520
462938
658897
359800
936540
83650
272049
336026
662165
298933
884184
28283
196956
630868
110795
812301
467685
971951
93725
91882
866649
222401
843268
999157
45741
942659
811648
415465
642208
404130
296326
457249
114626
54679
681346
401712
486605
92471
944390
222540
120760
781806
927804
857447
651919
395616
961905
368295
190125
956186
420922
67193
876691
805155
695849
655616
744113
245762
15291
874420
212158
764604
151768
825951
784827
512376
593518
347146
530619
657030
665259
141114
422210
437072
800320
318042
373072
940908
689430
787933
703191
267699
153460
527881
550051
614733
947789
125200
146365
673500
130507
400934
485859
481090
141880
147445
583138
485698
737614
841527
215117
58645
513064
760855
550908
407201
195824
228134
501689
379940
409930
467184
18621
937034
496030
823289
248173
737980
493189
700309
955027
933369
373548
131339
148785
694450
699463
282757
103441
678941
266455
319830
806545
860756
98554
913251
325858
577736
252995
694773
239819
656043
586032
739143
435512
33959
821399
946309
360381
941409
180275
779790
655055
349741
722741
881703
902149
758452
10861
613683
371122
581036
545133
300107
635453
948507
535541
735103
241571
23486
755018
474553
901227
597016
364051
930988
864910
968946
752019
270100
900250
81991
180537
686876
718285
447734
186511
249935
329231
920096
20491
483951
510819
846035
492438
538223
157518
401024
609578
588079
856650
630019
616219
818778
185947
825766
667930
205522
353004
607109
744299
583648
666824
488678
353946
925569
909763
216125
24343
863043
345416
265932
359991
750438
478522
539100
390179
699144
674373
537589
323042
117812
960550
824187
72068
823748
159893
594970
728129
245442
917262
110608
475361
577094
652394
743170
158673
709101
194714
54327
55992
897365
942392
569060
929444
350710
893553
833519
785065
162159
439227
135743
917045
736335
545619
135807
847222
481206
21743
635936
300592
122162
529774
470827
580606
305181
229612
249040
565846
707760
600026
318953
840118
878713
606317
147131
564072
990396
239357
221111
321629
59756
346451
769365
473766
644157
449264
15724
985434
657128
768954
983380
310357
129897
954992
658510
263955
477628
709327
838370
180284
411405
732503
282152
726439
67649
60175
915604
512568
133615
592656
180923
197
504448
674251
891735
817596
70764
137548
452558
553216
895864
743181
126237
579213
905717
569600
758948
50220
28877
159483
820981
942280
411365
212739
687418
974786
829374
107663
976604
636077
582926
184918
726230
196916
820290
110285
592039
650248
24887
635281
435072
833444
303763
106430
911224
71641
222510
30845
971779
823044
830325
76497
455253
982390
735737
177523
861868
103545
160592
385010
412902
518351
945744
333749
526622
804095
44167
815690
521856
246226
196901
429498
377390
843139
531946
914857
931585
689334
415022
666732
406960
994710
438716
622519
878516
250079
956732
195540
504461
650724
294188
948014
92535
203829
413104
299429
869226
285689
82473
375352
585997
850526
628671
148339
37099
99937
859442
497055
27556
749694
550497
134856
789027
547894
202669
840665
806635
870445
751115
822095
531416
96413
272236
672136
643159
320075
692944
831062
818035
94869
425105
362666
827505
177694
120901
49936
849508
435996
361098
230202
473090
802181
205079
266048
366289
882815
273445
195501
601554
425175
204244
56201
402749
535515
52496
66321
508195
906903
485894
143503
907469
868515
286569
219138
829358
14512
458272
667098
963685
218100
13035
956952
702845
892056
456085
842692
884870
843464
204320
785119
938063
976187
308859
44600
927859
521015
738219
407257
981597
686090
820862
821111
483534
936167
582507
847428
231208
886232
150516
751060
467608
375985
384811
723517
937833
873821
784885
122730
257495
828555
491337
422179
809557
103964
647432
293769
550927
455376
67756
348039
818378
196096
625557
162026
501967
779553
535282
172260
710209
806094
605083
675
572900
71916
226199
596406
763247
902293
712271
391309
992856
987216
274256
239606
588038
376897
126870
382582
132922
867887
244272
382814
882734
485663
537043
618205
145464
31443
408599
690709
655272
539188
587409
449595
641945
174002
514895
86989
680339
766521
408333
248383
320576
129858
65144
209430
280911
612888
914918
59237
620860
948121
450896
161404
888384
684474
627160
655954
106987
655975
522396
603317
304632
684310
548475
249895
579992
629881
380720
266334
409849
169131
445930
690740
938261
539141
955400
491139
150181
972436
587073
104248
284682
841768
88420
277043
513752
916402
88210
803113
907534
127434
29928
523898
365903
905154
75537
17977
885883
538506
370690
164442
231782
809291
392494
987889
692432
170166
600694
128184
987274
256865
232874
782217
825081
746730
458316
533853
659535
488501
394585
242951
910973
682620
233641
901093
889009
63385
421957
726377
987387
530153
568538
792565
459830
58544
323793
630436
592668
843630
240615
530669
840756
588370
747058
816790
103484
287296
437035
753863
776828
652587
978581
160837
997363
480153
530311
100181
412787
794179
738171
855631
893123
669747
372993
574877
561083
605539
216952
180150
330793
858070
116306
212170
342251
760860
533510
608908
21933
159622
659876
623243
71618
17422
865941
833223
570191
778069
642641
898610
277767
575405
951119
84332
189266
618833
741144
519926
519914
538757
381603
232305
804149
591273
417283
741607
744382
440664
138581
487342
53704
427213
430997
71112
200192
28455
818532
19642
411929
618449
514639
682462
669447
14530
111210
156173
253540
290142
732069
641952
31237
378296
342442
941021
621854
966959
360865
980679
581325
376995
690196
676218
272527
591696
716621
801911
735275
471037
296576
134530
41070
45985
181411
608947
183093
588679
244165
915102
109111
565607
234644
167618
718737
193840
287094
959935
748815
388472
956577
904884
157196
931489
954762
357750
290539
152048
165098
177242
476599
742082
769980
993277
644421
387555
471128
183969
492554
346013
523395
742424
148111
416916
775058
547165
706065
363374
952360
388256
132
103384
757383
207822
828951
360334
15591
761950
847290
225074
706779
810642
147862
559684
567514
566817
996450
774954
821465
169779
642431
148761
915709
125092
449944
992946
577374
452904
925105
625508
207135
430587
564974
131969
998677
39360
391881
722716
42941
525573
630531
391479
137511
535070
978368
716507
183925
216113
398404
644855
95315
562514
185637
489474
316456
945897
153118
155791
703304
532931
538119
74825
761018
778893
271891
413388
969912
898753
478398
623368
745088
860152
946721
432419
320756
430450
443874
789155
436926
647084
752994
859602
800400
876098
894122
544760
754890
998733
352963
989747
644749
631428
330922
586221
205106
294385
989355
566394
305394
724560
250183
194895
170585
139356
358633
892763
947469
459845
539012
954949
746733
969591
624475
14628
910474
84531
503005
836594
577335
738123
941616
802191
351308
980144
55729
399052
222611
557122
4069
182583
686822
596970
120059
238770
272937
853389
785008
887631
257408
502078
204586
241441
7507
420474
721350
543369
216558
872500
702414
642246
608009
88180
280204
983531
746901
722660
490649
184675
467978
388862
830268
154115
296514
123401
12972
536127
708245
351076
890319
674717
63674
53470
661036
120997
393332
481857
798361
697180
282875
963418
472648
804801
215969
363786
303336
293044
404855
364334
169665
437103
104587
43528
895224
563414
66496
127259
618136
991125
576258
516639
564244
556626
790197
194237
277390
126061
357729
119709
517499
646769
704753
948994
266562
768264
550788
527715
44807
512055
396815
890344
973885
23446
517168
129069
854067
129548
63433
365995
804635
21891
896857
351861
999242
573017
577801
395725
616165
636146
882660
75717
26132
117557
89066
491161
565004
270003
381004
261825
68527
668604
792599
792358
654004
562012
293842
661874
773682
867649
322595
677415
430419
804482
252764
563430
23791
739659
362716
635184
876998
518487
186679
708174
180482
519141
266157
246811
454890
225270
959896
102145
160488
285781
165053
325595
782290
398072
686634
511147
301691
782860
176032
513149
285927
172081
187737
901620
572474
754108
236141
705297
547986
19536
789255
659665
249253
54269
980775
600012
250218
624290
148091
43894
659249
67396
935132
817674
396877
966132
405439
504920
945319
505421
663802
62910
121727
806908
303805
963374
887254
848893
604835
525189
470645
403951
783917
57503
199891
963936
674819
553927
845593
574321
41468
205205
540595
750180
575700
262537
65958
744315
374970
983734
538339
630078
53417
637156
805161
50252
778086
393534
657033
893262
510403
741034
615235
117017
166902
962522
744023
271221
685026
975884
24746
678971
536616
816285
458225
331184
782349
710490
519712
901449
385756
146100
964326
663578
772892
587654
399019
282565
957418
362053
356753
632683
272971
770192
908017
922346
463467
177363
994346
577880
683247
98627
583916
864338
784165
689632
804829
735338
561375
191049
305614
569119
611076
142018
715722
31118
847777
222344
758224
118451
240146
660655
461587
298167
29824
274568
406511
48228
888935
286337
826840
554686
337584
917341
349525
751622
400336
771440
556210
130370
268341
41231
906466
122636
605171
892822
114908
565441
385787
131433
705073
637213
483443
483365
748585
927605
754846
956517
373995
470041
803577
628113
651256
362527
19448
952928
520084
52177
534080
985118
444942
297516
427289
38491
990079
948849
345630
921530
293286
129317
547849
397710
543317
926008
594398
500530
963861
283259
366698
114063
137581
399098
374516
327312
483978
624497
966056
720840
929720
851568
643489
509467
810191
402882
212026
230713
115567
256582
862124
88071
686412
176147
576892
943734
888048
49073
55125
930202
706845
774973
967880
508725
692956
559412
290231
241797
302301
173669
247737
938735
597291
606618
966647
433823
830808
909528
849910
101102
518786
620395
345258
914442
509443
327757
46634
668708
106157
291850
959832
915612
243322
165004
41723
32980
725448
466590
278679
173328
665210
625979
562843
747118
981892
920872
19843
422535
755008
201997
69780
263815
234744
752289
612932
431760
361599
249530
500003
152498
619857
437428
852015
616492
835287
930661
965315
926702
380596
541833
140134
618890
849151
52659
606608
191928
435694
618148
85506
120849
922101
682243
836585
19480
605402
546754
424610
196395
650164
21940
461596
727041
729412
652554
188180
756608
891955
234116
299395
602486
578696
959169
552894
941062
827549
721755
162478
531149
965155
840394
381830
81380
934880
174572
788920
435625
853812
667831
636964
230016
520533
86867
677927
760042
914746
356899
314061
561680
581653
684517
229302
924345
514561
6598
697628
73740
934328
707950
162078
80523
528338
434758
734364
869109
249753
381412
609283
63551
453040
121585
85577
335725
486170
357742
160431
713190
109292
547808
987141
562810
458246
529864
791668
640011
355501
526293
399090
470080
232202
901173
855676
937027
966706
484770
64371
696841
145005
501177
604181
994314
991028
569035
785349
735668
564457
209745
3652
182106
964949
583904
836825
158761
56293
975933
610230
133955
880460
93437
305371
73814
199618
496852
695842
321841
415473
195835
684389
744492
301624
551984
530454
562062
979470
310379
139083
69357
375227
927254
933917
349329
245689
483961
528670
681482
162945
955166
602281
961013
178995
329661
568616
230902
138512
895231
909536
580435
302472
655471
690890
307646
368615
271822
521725
636636
42515
871853
438052
893496
64767
912106
13264
516676
101729
264045
181701
519245
901158
736222
587973
265138
779243
38690
480053
854304
276595
123648
671715
245513
965258
468102
417799
18014
976358
239777
336421
624139
157077
509464
573849
620041
383557
170907
56603
422346
15571
254259
393232
121822
91351
594462
961618
11182
296369
486560
788108
576645
17397
14969
290050
472884
540338
871447
980416
310638
694191
323838
719705
685110
278521
525022
979769
125176
3957
382984
507069
908051
175651
303887
599262
676980
820206
989212
775234
836807
484522
955461
774583
259790
529046
165343
96179
602789
448539
770024
653523
400947
687463
64624
808862
443633
795494
448522
157754
708700
744713
347103
437206
277341
156592
687303
278292
58063
827514
622072
691332
567763
977413
82803
585615
498083
622866
288407
968561
899655
635292
794004
205672
114701
253358
233985
307694
842425
736972
700329
489145
950833
315432
858517
750978
583314
915355
182856
548647
387924
301058
543537
690054
76767
14851
309344
770726
197573
949353
252285
307433
851338
878488
630654
554284
868144
983358
85541
77691
862164
864126
524270
166744
716059
114082
659011
481123
206302
321245
114046
473973
767527
343278
982518
729232
759590
611963
242990
635927
244172
430399
87758
331248
901690
874103
921051
478355
257231
101711
667695
5659
659351
633254
310666
986090
439700
148451
340003
625365
746314
210675
69858
259613
443598
68174
924332
476712
820328
412846
583008
854765
362687
819838
944839
783003
315874
474812
693893
21113
475686
800879
129598
191707
888168
281054
426021
882410
872181
826654
64599
976291
127728
647612
228616
643123
645282
922991
690525
673986
392641
581435
920632
709921
520967
61939
481768
644078
149069
420722
165761
26927
527075
465934
842063
778874
66375
772069
145929
562160
419806
637759
467321
315692
764801
415232
289839
564406
184934
874102
609055
720404
921287
366812
571311
421608
318084
84629
850273
985592
371
40891
360014
989325
704642
511380
427337
97262
920102
834266
851644
357627
30910
423758
19715
750885
478094
393224
683751
383869
426708
464764
286691
157258
950053
477320
457303
348182
970009
266471
57564
823295
173702
278124
762926
503904
747468
694321
574693
375761
562767
777402
492655
136198
857210
408744
980191
450947
922634
698690
380311
336334
302440
892389
444347
141564
429955
720926
667757
300608
18802
401555
486556
634394
200468
738890
304702
526166
802089
693823
641155
892381
226835
692412
526027
435838
792819
35013
22620
295615
156919
493917
880151
775982
528821
211582
408269
483965
171389
823813
584052
985941
219201
890536
148167
678699
170667
82317
939013
119883
47967
974765
971593
555321
303504
243790
702761
486950
681176
944057
40308
472195
904404
624109
801860
951713
264130
514125
288124
729180
755611
868598
56049
990826
275636
152082
811771
482324
953830
5539
194797
838208
716466
727509
495398
745222
631025
834103
158957
861805
505463
812975
209132
168410
815053
57229
774086
360435
138471
350130
301098
470749
125195
215833
869806
883046
509648
556235
589831
610190
435182
784450
133554
925983
418890
497407
298297
649891
166015
487817
262359
220623
519605
117120
487213
363212
262374
252531
335657
254355
484659
149421
577663
798150
535598
901837
674999
50756
235076
439908
528495
389766
969749
962957
119319
873424
692684
512688
123635
11044
236319
329661
164547
9315
528006
795524
95159
454212
708300
614057
826603
715966
157371
833219
786040
657328
617641
786800
422781
373550
471999
257984
983818
435112
29449
774540
94784
470814
593605
669436
283601
620704
781305
806051
195136
134254
844056
390050
870449
583500
345058
462707
342827
762470
722561
990959
509425
534161
581022
61501
685090
235816
67294
492235
639742
786491
535659
247475
298091
712705
771671
749229
575143
107376
112287
55207
969920
79471
940476
652417
201774
740346
515137
668141
51588
951101
42526
80802
514658
824031
88110
521935
485656
721959
257876
933445
624014
150942
998793
219036
269908
751815
859516
495924
43032
667621
539855
470146
140005
89110
457801
542916
674970
128133
895161
307550
212852
775256
13290
827266
504476
927402
253342
487344
961424
316969
945633
376283
558000
132324
350889
737341
754744
756921
314919
125385
766239
850975
302281
146863
255922
180371
539543
621721
296589
568826
695014
201688
341835
171307
670897
224415
747711
645054
97408
427927
940595
450747
637173
356811
545528
992209
935956
26503
389160
805514
633284
896651
482689
995754
736155
834606
462690
218935
47397
80584
120333
838059
372280
915919
194528
967914
438768
198445
219213
972463
791250
760218
486003
359172
223258
655335
207989
818160
604961
45962
326826
942112
744464
822626
747778
13874
769400
423850
382836
759826
609411
380850
861147
769878
964918
964991
927180
177790
513276
898434
73249
390739
75131
144041
744886
748182
659789
191091
430915
172865
896734
763356
805287
798792
152842
79315
610461
925501
258012
733295
171178
889055
118032
569542
901673
246815
871515
415842
689830
909377
273570
579114
791467
309818
399851
823176
247780
387771
938766
573162
326529
433498
622854
257330
616900
343999
987290
111782
768974
985306
130232
351335
138849
237736
773536
461669
606675
440315
393661
17759
74657
200790
254368
819915
58968
201740
484995
166551
973850
815992
270220
794049
522637
40316
761315
511585
297280
672531
643749
8433
283356
500554
632956
884692
889873
70592
7242
136783
683581
949099
495654
24413
755996
591476
981927
190209
756620
614800
814057
409925
587649
870286
759312
540916
554625
878182
998160
303476
155522
580706
177541
435162
429086
177297
34297
263264
709854
989095
911420
988907
152815
402624
481835
25525
186169
332507
133965
504192
435385
202504
12878
482023
513358
860992
79303
139541
611986
971113
27697
444307
693974
792142
184933
356771
576316
648646
436474
403312
263830
421753
748013
358343
781546
643203
316213
457328
188946
834539
771325
302502
763153
108771
200125
717209
253444
675499
226911
63646
31261
860603
143408
811836
827093
761337
729447
459873
350586
30440
927470
803172
781779
747029
239969
236628
750650
219715
737420
567488
629715
774854
165123
24767
628080
823345
61069
276058
420259
822038
458241
443017
40983
552403
256086
417995
252253
943054
316835
879685
701034
171825
908366
466009
466353
704526
904936
396291
311715
976326
101803
824400
326870
656693
302905
360683
514776
306008
979626
87529
958958
161810
149527
504578
139385
979527
444173
799574
576471
558795
638138
495663
271518
570159
42904
852055
830050
173971
524368
154205
841810
889071
708191
871545
424287
76708
388057
444456
417786
886183
16426
176406
180545
445987
3982
438356
757377
701830
474879
781428
622247
855433
918294
618133
72624
910288
903551
527925
738926
746429
360583
723181
341779
724410
827687
90519
476437
302877
716564
940720
667208
745156
952873
100023
941824
696915
235104
165453
30222
658402
298000
757595
662256
791676
975551
443183
139400
144347
320101
76877
136095
896808
325774
694861
138605
558236
865927
465371
854539
215512
723277
177962
382528
96158
12087
718263
33545
640204
711498
234452
197474
436128
4155
994302
703465
481050
969115
68169
465238
307939
966019
596089
123349
13261
29834
975173
958933
543546
311890
150040
744576
616572
917203
904784
856015
109686
170344
451620
422379
495730
951165
300100
589682
952567
341473
40162
451073
168202
53784
670620
892328
153145
286960
537226
871724
730342
439813
536917
20045
270048
160953
11948
274936
837399
119035
591987
87288
731127
219573
827465
290531
948550
358686
26705
623287
248671
62200
834569
145981
879557
928915
90422
195153
581074
781563
309825
888282
10620
236647
3045
162726
833832
717974
474230
646416
719103
698081
218646
351150
349656
1892
697071
6236
436133
612944
631684
402450
757717
962856
469531
266586
429250
598841
547663
445179
123183
437151
739384
145955
486052
480743
87108
297804
24923
623918
499416
253652
262678
608364
199708
936189
979645
414661
111785
557921
944147
133229
920568
136166
127083
559606
171191
571522
186757
172765
756052
771242
452767
915392
895190
941995
759205
907358
238752
176919
493796
570754
810503
424319
54653
883049
406259
739471
190543
470502
454897
757758
675938
474952
291191
489106
603166
948867
935902
610209
135901
893168
886134
45585
99142
396198
542262
10498
616697
838387
231845
367197
284154
164465
248171
637003
335056
124189
91020
210364
706535
37133
526016
663255
336223
623421
437417
456834
680207
677182
992810
65251
956983
694229
511195
301243
394989
566151
134303
723478
28513
3532
751776
24423
584816
311784
396114
676404
931176
57025
928192
828088
49618
879803
683707
738375
201008
972711
193806
407169
51450
55309
799147
82855
37200
824889
783019
451831
273529
422484
451596
101062
267033
956327
870036
782999
37204
538676
940777
934549
129823
968942
881168
610398
323873
628611
730184
209678
594266
648178
556957
436802
717288
182844
152347
125120
788193
464257
993647
353620
457517
131299
281937
452994
24683
222437
987976
382568
394675
926303
636431
263117
557540
800375
740524
119222
280238
387442
280019
391520
857243
268128
454055
487358
559308
887843
138444
680128
618800
639018
175518
908324
458029
574622
405651
933573
446669
210272
371892
807213
59977
950304
527776
861051
90770
409233
844745
709906
114822
233318
453561
949757
647583
789619
675453
983602
590176
20423
428174
203964
560884
441402
69318
882581
600527
791123
128834
539291
99108
516896
169613
607105
37076
373675
22850
43767
292238
279836
286561
397441
842689
675310
206907
747858
105104
41898
814761
689820
506145
665042
227176
689110
62218
421725
521190
646340
880846
882262
821905
372367
302926
769775
376710
649957
65035
174552
538763
575427
65830
242496
413317
32373
822775
579870
781474
564583
617997
769110
721337
753406
445865
580101
599682
94071
991533
811746
774081
695396
70451
737928
257929
522632
687412
797509
783859
365100
832268
205924
700152
3214
701679
483937
696906
473546
118624
343360
534966
391518
966364
671552
521825
657806
293263
893456
383025
320133
231562
255533
156670
375014
789185
729777
636850
977462
828596
694192
978695
687721
129389
154610
39577
759333
945707
971810
789027
24330
973187
26840
178360
349850
864369
747228
77742
188856
402551
752606
63039
824941
917031
328275
524662
669111
699570
500469
354769
690106
677279
344440
976810
24605
172341
451713
868949
329615
571001
658463
510273
339506
372210
707360
836851
905697
952761
476313
830304
982234
477586
382560
975294
701281
876587
518925
694144
361
335902
407175
298388
91871
405586
259035
146862
207010
950056
15814
135526
242826
404641
974368
819127
671122
643763
970996
173586
216369
882601
117916
80682
798267
712979
671084
635521
432539
94950
580597
769366
9713
965080
847267
75986
838217
693130
23516
929496
378260
130604
271173
358104
903051
769362
876852
456796
613532
237866
546686
677638
677413
811180
389438
64925
941288
141830
473233
583203
543763
411725
853906
19628
591857
361847
332186
118312
502604
611661
934058
285039
947260
327137
172655
997159
264114
640535
815268
185062
993635
758933
174034
815778
697773
358471
912860
461644
346900
824972
228578
507704
80176
217279
981620
39286
945429
700527
153051
307395
140046
333738
20620
498861
122130
493224
57895
548777
652514
668372
911629
403705
645936
460510
625222
902793
440888
897348
419217
608035
906064
937133
363401
374958
757648
203452
608392
933548
159613
317989
186960
941578
954724
51802
167032
169926
20489
162378
7081
993816
104807
60312
660953
952946
890492
549662
462307
746367
965595
926621
35003
988094
744982
754584
333141
206128
963858
775048
311424
907751
556695
83849
699638
103247
240703
883661
538668
91340
168594
302282
998031
529284
829519
191337
611127
620948
666747
573925
351395
598795
318777
324738
711564
623645
623549
399047
599065
14607
267072
282028
875311
877795
466136
655227
534489
488442
958929
274098
673820
289892
18161
23344
704099
255191
445194
72222
734067
23156
409508
704665
788128
260461
13481
741200
149105
948291
52035
639976
548577
757007
203799
47275
498710
107350
494371
854557
987248
610408
940819
825975
154683
57998
381617
103616
639566
729039
345960
700413
151148
411622
387078
774607
398650
858213
328416
283919
572575
554391
346650
230623
825979
822570
332029
268003
958006
114071
938640
697481
216569
214701
115453
213713
571742
977573
750444
682469
777783
200805
929864
295060
88609
530464
83384
713425
257405
421960
232395
396656
743361
928441
979991
923593
340041
58353
439855
148224
491470
322507
550320
161718
404539
656411
183421
839828
552633
848589
427384
248798
308850
764756
990471
728738
402566
399913
784902
620323
632172
271149
809689
644590
726866
590864
225938
424725
651897
775135
399269
850025
42165
34660
261894
82755
263026
269917
647358
867300
363470
408782
221679
227081
60341
608158
458299
210578
205670
162106
923604
804155
708596
702492
876506
699591
253654
180949
725594
827832
433586
933918
528879
74547
87235
501792
950399
777342
526890
877463
570028
565750
14407
312740
357449
395744
919420
469528
445161
546258
554404
368742
389229
548197
302769
280769
134453
907850
502682
151449
503877
341736
666751
483717
878484
522278
707683
530995
539690
8783
272264
931543
571611
800668
162092
379525
567172
337655
365469
6948
242893
27103
410298
962020
214913
424051
482036
189155
634944
515484
380535
382182
673435
200799
534272
470764
9740
518673
293625
443333
53352
544251
337771
233000
286979
626391
495741
684344
887363
402867
795651
843207
13144
470040
319595
15613
686020
901628
37689
891426
66069
810367
975478
566938
24928
160650
278183
74734
567562
44740
432874
488001
869423
173544
850233
547492
554192
916372
802805
549414
475238
207554
394809
599269
241430
622952
416489
227955
556652
497078
667410
45709
452284
416045
10536
69969
343539
459642
734385
172700
51267
374634
287591
353298
997764
448777
182477
862632
671769
766632
558070
412859
450457
1304
575070
497752
222729
297405
181690
966737
314000
510305
158205
86168
87021
826299
908797
687344
285492
441093
9062
41497
829731
463671
640376
952907
147941
508444
222868
331196
757558
112597
544842
258915
120799
331495
552600
258668
592494
667601
417957
11679
260170
784284
925509
695573
669218
706010
155083
848726
239471
556106
959525
114228
302773
991561
168726
237890
946290
360194
288299
492202
923015
102966
204339
449675
746070
680480
548204
920007
362159
809549
840690
601995
826092
27997
167355
235543
592220
37927
433173
52135
402687
59591
913692
643892
384434
143617
143617
698229
236649
420408
794972
333221
138510
110817
482713
441884
49565
635373
317507
291382
306956
370064
549385
394515
773645
871448
413873
154801
965060
319789
943034
653593
45425
303335
532812
614970
268926
495316
541121
44819
572719
195270
163914
641772
754524
700093
883858
479399
830552
732724
219021
451716
575640
53443
142290
772767
232810
647786
193162
51148
699431
917186
147047
370287
131755
587550
682566
249430
488935
445567
791827
539131
605821
375893
267191
90562
998949
45529
631971
558703
862429
751278
406097
99773
135506
479313
761964
667711
671961
716129
619219
509539
682738
913814
532021
562139
805380
575184
661848
3786
143129
22023
949461
739487
869330
784865
450862
827780
873141
733234
945154
191690
990359
373894
88758
878382
612351
935133
296065
836277
292616
607151
881207
560219
291802
981516
120695
659479
414956
140803
50810
488551
224155
669622
570151
806078
391831
465029
920591
457910
703798
63438
463518
365679
880285
479880
676317
977655
929092
9306
994860
97467
343434
826340
243127
377431
369512
959501
121582
276728
402298
845943
243408
952001
908056
484429
354091
350780
534675
658344
250615
414792
491262
77990
376338
968197
994643
25901
215905
962920
580696
720911
113941
625480
729888
961032
594045
657082
402739
401476
173827
694654
247663
916553
447111
90511
419411
272449
158972
676785
161891
176131
873225
18399
565904
67608
969940
697985
305177
806337
615134
384246
785575
82887
496355
710894
23222
554037
167247
831150
174249
32609
415381
852372
254646
944853
962674
934186
363541
645663
807298
49575
249161
728839
282031
193218
503282
670423
898684
31340
608090
97332
63050
475806
289000
561416
92825
415284
791122
18932
702092
224041
251462
777777
532944
28977
483028
50850
157629
374901
493290
300668
10983
139268
448926
416162
538643
792737
252644
870024
226967
422130
202367
549670
754727
118519
598641
227934
99010
224424
271128
180796
313019
836349
70421
766177
193524
114101
358457
554468
240217
827616
776094
852090
550015
50754
676650
921830
515889
597445
849251
333438
601654
957666
958905
416750
790832
352111
819132
691085
769643
118036
357060
701491
80199
88763
796808
658531
934409
598811
368720
382085
359542
740077
324619
686466
604553
260930
122832
154936
872040
945862
721039
104863
772025
167805
390746
399380
320114
448765
550953
492370
367164
953373
342813
93948
659027
983600
930149
449008
668706
505490
179865
590244
128201
706495
511301
330974
415173
508572
257822
801971
980313
608466
47022
196526
626731
90447
931499
421839
479237
206454
207969
168333
56058
55050
665229
720177
864658
733407
50338
951444
406125
334046
451740
276426
426120
886688
979732
288359
111673
280156
306588
590530
607700
948130
789772
957432
766412
218548
263684
12677
542868
281732
670507
654947
437629
887584
741335
866437
987365
572189
871580
574290
370415
384599
907059
970264
790798
131200
433075
198123
991516
732378
190858
569893
963013
787626
443945
287031
975468
354847
429739
330048
261295
41501
870625
373279
787466
741068
580342
423124
6442
197241
711888
632632
838651
615687
235956
571925
703839
625080
5573
329903
97485
212181
364787
814901
286861
545546
229975
85993
27661
957359
360826
481124
156094
723439
941596
237239
262172
795822
566213
797407
514126
34800
399283
168543
384715
71962
662333
63923
903050
162942
456643
752290
658343
183536
941081
398326
250225
793659
402529
144529
77144
100927
911760
238079
268906
284140
233047
804601
820169
124791
932370
619665
399800
669642
915436
751194
499184
966857
986623
504919
784748
532328
326984
546103
175983
608062
903414
974181
363577
898538
423170
234537
386364
172710
923188
108013
181811
816661
904989
399796
655117
249091
445495
633352
355868
451933
607193
449089
136049
663135
945594
230179
393356
83744
836349
560246
762160
315041
92589
688995
51428
843982
442231
219119
305485
869027
839917
373879
167580
239845
825490
771799
839453
869508
754632
474342
75114
600728
388566
653341
788850
870832
796697
285554
303471
975968
545938
683580
344057
789026
555997
728137
201188
193501
81388
696047
638169
533179
582883
444101
665597
82065
228902
611953
626367
130998
301734
374034
698091
712228
719464
754030
644916
264673
953148
416894
246619
126153
873662
847421
256436
141137
74222
613978
586845
592588
999743
940261
18106
430044
911738
3432
368806
770265
789644
619103
672463
607944
215585
505531
431614
96300
268610
102592
219409
435409
165543
154444
71890
687016
708743
201603
190607
964060
575635
260464
360134
537725
3280
582237
241423
224411
385207
805353
136763
102693
475937
115724
966556
418023
299052
703075
667747
310954
824807
891204
921301
904426
185822
806967
644362
720273
867846
838512
874954
439306
583417
345996
618658
512816
913896
328764
998540
427201
326483
229906
738998
976013
79302
20448
581266
599539
103228
40733
628217
367082
734700
170072
647790
287615
722611
214241
949997
732171
193434
99887
727534
866231
874385
48681
378774
41831
760305
812046
72106
496989
178662
592638
509877
589558
173982
945837
362316
109059
712439
467829
344980
902109
823270
445132
365425
43582
468188
148526
54538
845032
326931
853001
665959
737972
186876
381123
590682
366451
919355
877337
52793
405490
145305
994566
754955
490841
636230
192554
899680
517084
1593
368298
671921
896063
993737
667390
416038
510040
541249
944955
204474
921216
78140
613977
235968
682541
718008
66590
641101
353478
321538
407997
599595
782226
454517
17884
510978
461953
444017
766402
619427
869606
751163
375654
562270
760842
712918
759211
659005
375380
161084
799405
151554
805184
225898
346674
994444
533696
160722
490242
119123
707379
617252
800450
769670
758579
346682
77886
848527
990411
389998
66719
877151
879819
556056
371307
194924
473277
298721
370837
830433
671072
85024
621878
630595
923607
478381
110050
163226
351683
440927
188283
275573
225932
940180
316943
536337
313627
919864
22693
194999
355415
127381
776245
538648
91991
294096
681796
436802
447511
187183
329201
557695
309146
570964
241788
835162
578419
890671
915698
611734
853487
861041
605872
627058
174087
171642
141257
443482
430700
184755
932614
923375
572164
483605
327159
36104
397985
426620
355193
253175
622997
107748
703054
503504
829571
886143
118620
243477
204530
266175
997860
606418
937041
537015
229906
96134
114361
630850
469061
415620
271096
552098
773839
977810
948722
674110
532398
93145
387053
192979
516837
260355
591667
207319
84484
723941
946995
872252
969284
387907
714920
273366
88006
195475
883676
80813
506137
674426
878306
692127
905524
852616
16244
427010
455435
335710
913981
297807
112481
317088
127919
80760
47436
896825
214658
729934
497324
14664
412964
752078
689638
541219
240315
426535
152905
135378
690702
347909
529392
392577
805233
140149
76233
963695
49792
677237
297090
565019
912784
634344
643479
678771
944661
526711
839933
970992
538062
398721
305332
633453
902085
738363
864343
50672
836971
6664
669483
817826
516714
427476
637119
340918
561456
823766
775484
435697
315885
711490
748310
721418
38998
662609
601885
130798
32787
569646
617143
590446
943544
607568
379434
586745
465052
364387
266873
413086
270162
829004
234039
481892
295154
902735
289847
115700
301748
803092
546647
611667
291261
384135
548975
477902
235909
810303
183913
305345
613642
807501
221187
465301
712284
448391
190739
342458
651897
316776
602175
500795
600247
245269
35436
726072
514042
136645
818961
430127
36375
181499
177898
277819
225520
619726
493142
609609
700964
950559
807189
592085
296053
508510
104908
127811
989388
278108
63077
364567
144968
576560
808438
241914
422886
940618
180644
942252
579457
919921
51271
470093
535719
729335
29809
447702
172513
279587
169123
731438
26621
915090
998332
518126
639423
978713
640400
423620
967036
192840
467523
706785
896335
642976
164112
237756
939448
412814
748531
656202
567056
541699
796651
480452
455100
912203
234304
196528
89445
7957
663944
148273
525792
972297
273227
778432
166081
727350
724581
874785
132262
903033
958457
85690
95627
670359
912894
325434
908894
172693
961303
96318
676299
999485
569311
486218
523900
239599
501993
817735
684821
39428
207541
701322
214439
9845
622478
121741
666908
85009
178031
455983
200368
500031
448571
618612
42082
832183
401744
858706
436216
117418
80083
83667
905308
970920
761358
907757
617375
340834
81278
632181
220706
248025
386094
274563
579300
397253
482214
272788
426565
235091
376763
33872
478018
773685
496220
205310
162028
74316
439918
102148
790788
284738
893880
860634
771810
10507
58148
737424
541323
146902
478498
932535
578218
539607
334400
686466
699403
197681
661354
207196
263937
823266
875491
486874
534773
42745
243339
362315
891888
271146
793508
67566
965538
666689
409099
501568
649847
453015
207536
262664
746657
927568
426773
118883
130233
530921
670752
906341
857640
229051
257593
773997
42217
82441
660819
475528
804891
318096
991967
46224
595936
287532
796396
536580
610749
71967
39059
20522
153481
68843
574399
728928
429606
320247
361845
28044
764486
889358
226577
373400
354302
450947
752277
170378
573855
52739
889991
955471
765175
678663
729904
246903
198912
757150
239815
50755
781202
442644
358440
324621
804326
293731
845720
786018
385520
264595
162685
903067
504064
733759
839311
348165
847547
897771
398845
875568
121203
787703
634002
199073
117867
328028
400021
117276
201331
579278
528173
754373
509449
516925
487862
385216
618169
939486
79436
665730
693894
925688
715120
780540
649845
952351
873781
163066
810895
436406
539527
757121
337349
473232
691521
236300
331750
694672
869635
699084
521975
217758
309602
350211
600576
709026
81459
990504
522687
287606
474299
713302
631948
818723
187984
245337
363482
950768
479018
245563
625708
66646
656162
917371
678682
972761
888772
747382
646485
416021
671081
127130
68056
807710
184090
612317
777971
454270
713980
918012
147086
381896
991
964470
399054
896706
264672
535800
91891
956840
813426
153022
294374
902414
254019
411086
842693
270690
885906
451351
86560
344111
215646
822584
28226
359373
264318
780600
791328
643725
945154
391734
63087
290467
986765
433516
358528
547744
954792
308042
852265
746657
57863
31429
724077
37077
591253
639021
569921
713908
186108
391728
578581
850721
732877
836701
432027
553927
893137
444289
306451
530803
296426
50679
80157
674290
785694
759736
211981
978569
848310
332500
161139
394336
313590
395389
902474
281207
461852
790486
562428
265648
858485
637589
823113
227637
354099
684219
574157
941649
202803
146587
197963
678585
696065
741313
132751
836702
714922
133707
465806
693205
56446
814039
104593
721845
742903
951569
648762
846191
12214
714938
482984
30043
544230
959629
420684
765427
233564
307147
225727
108775
819023
416204
957620
63221
846278
47419
900920
990567
576387
431987
709055
124700
818866
290069
28307
662219
784502
541831
191364
834366
491640
555838
434387
471722
277037
529053
811280
834647
310665
467997
770760
744430
196946
66928
727271
418280
269496
663876
113096
554370
837032
728993
173222
573069
16779
12253
875274
797823
677647
898339
395969
424635
772534
179466
977775
735421
662652
650839
199929
282901
299943
416293
98293
323118
327077
948916
18109
216850
499126
550486
111636
394840
140762
70641
112065
109326
990312
131929
532342
774846
778778
181604
170388
72433
863481
402858
143811
248106
368694
890474
358014
620647
608428
54460
528979
248154
571613
984859
888159
448424
87431
915711
518623
786955
71090
173808
34571
710373
386936
112527
290818
201804
697947
214866
143345
530102
240079
641059
194733
434826
13077
748225
134156
853730
801138
680053
262763
471665
137879
442566
550979
578575
172417
655705
27718
984315
748084
894967
88289
861553
110857
453243
619134
556880
803177
908471
870286
197745
471937
67822
878840
528136
920695
14094
757516
998315
156226
441675
676205
574512
415910
970250
525975
306553
362604
451917
402399
833807
238357
172924
56152
281351
636095
818514
746878
783059
996686
559328
263082
663610
471260
284920
313296
32849
694594
908709
283131
617229
872999
126251
334761
127122
901598
791635
175634
126476
550685
35135
60509
815029
610839
290112
438112
349205
125503
973228
374492
634774
372614
11994
315644
37215
5371
279055
229922
487317
166190
52004
745986
475010
547729
50515
545533
611784
183167
305889
225457
284895
352781
532298
317016
658548
591345
277902
876003
789392
75205
969995
650390
345186
878759
306350
895999
860055
677363
646809
365947
500574
193409
878584
556288
130696
748769
972172
53274
568028
230062
292142
635595
402510
872291
597876
109582
738206
545703
952396
937286
935342
753044
195615
243993
599686
543524
787361
771934
881112
536303
767183
592280
133335
824147
345701
903187
812430
979073
152380
335838
953711
195814
984496
942280
645189
871655
720887
400597
360024
732852
350641
34835
305702
851525
526685
142673
496310
769416
373923
10778
876274
505607
963403
710156
332592
165653
727055
713340
919177
424381
880165
691933
42122
600892
95717
494828
412352
661137
672105
293323
590960
767447
889429
312658
910049
885764
902709
354634
411864
59170
729683
377112
613840
589818
992444
407355
927219
586915
950336
795574
787980
646152
456143
144018
600476
221743
762925
287944
646364
972852
56930
587440
621269
309576
687500
903534
852468
343712
388358
64739
590439
307016
817411
810296
968782
490683
704190
826934
528191
574187
4783
411350
369643
123079
48974
905164
663066
893514
688605
522052
503240
490562
413584
124695
357201
469867
766231
30940
706764
965088
471286
115174
376211
476866
404555
533564
609204
490288
461861
312871
575701
230161
571937
735447
767802
202074
186852
206089
353018
648468
370090
227818
287645
882031
121717
83025
35567
737833
15886
74325
226157
654223
233424
962437
114265
15270
130893
756719
734970
612389
656103
295814
157093
869402
715965
440929
900585
777001
324132
92348
772895
823465
737849
415327
165462
963347
246375
79361
192166
242260
286177
714742
39665
128787
637041
169033
308193
378357
808487
909415
115075
860757
32764
921227
704176
596169
979161
950573
616360
867477
279577
647047
576361
433999
302299
971705
708649
54503
940899
737371
383044
552756
415487
887151
576930
353761
526458
224193
530070
712219
168130
586882
582194
732541
974763
69450
82532
622844
422616
385309
611371
782073
900810
789769
879526
942418
792880
442679
313830
759184
488560
629467
299748
568378
309333
661164
860602
249355
566657
927819
484634
685257
466726
293388
970231
241322
782377
803584
394459
889491
723872
253656
833964
556338
776835
708134
135732
781800
225777
965981
825311
84999
849516
615764
559625
225703
658322
113185
209634
354058
459621
480359
494888
493917
521571
233390
601697
989908
142357
691866
975390
822985
102726
929404
139518
308115
16132
505975
113508
646848
56296
963921
778397
297556
718862
866785
97577
268838
984167
766448
786198
151327
89084
485944
877249
902731
882413
394681
259662
21602
342582
660859
347130
132838
637519
909902
966370
449561
191622
21860
448337
634004
11951
630615
963619
518322
684853
243112
129066
794482
870513
153436
794817
474613
547169
383725
11354
873839
564319
593321
126598
233175
5297
622381
77611
269001
48198
989071
680196
119376
214029
72194
682412
410223
570431
956117
472754
232537
809611
253393
848395
43983
260606
146999
933553
647938
729383
695954
191958
32545
816553
542101
339731
190469
935262
788571
277566
419173
940264
122482
160998
514221
964821
683020
110349
808782
244691
712681
986250
120314
653221
197943
651124
245987
332937
417396
70558
885630
941868
574048
823595
779680
123655
26643
42077
824796
205974
481266
905166
623652
781102
761949
589851
641175
51257
176717
827866
518347
55758
9910
507677
399510
381895
789917
765149
819890
806768
247222
300720
76851
623867
275989
95101
64228
827117
351035
177226
413142
59592
86350
924893
180692
998339
728741
234258
377667
272719
970237
476822
354141
956413
967058
199754
502947
606552
104793
922912
109194
625547
987824
932108
508394
701466
375241
752750
304778
545851
889350
642628
872433
718157
235479
131451
873226
741071
37175
371918
398178
299556
924987
125285
688190
12756
872969
193388
75745
910205
687778
23101
371818
109228
802422
327187
355509
508560
181959
35994
683552
823019
150107
348394
347962
558605
214966
866833
193081
141816
693390
884627
597958
710692
87106
815339
50234
72527
658813
950292
507495
41027
911745
535504
453419
78853
537417
714064
25628
374697
86540
629444
924031
967296
690045
337127
637609
512204
129206
504456
220603
682080
25102
55032
251274
411258
159681
257246
755169
875425
182333
724863
464282
311277
840384
621081
320943
345888
72963
354814
306920
21705
399326
335207
904890
708143
698553
807541
57978
270292
524775
703533
825837
455804
944611
172714
150027
621204
622478
584594
82904
485859
796019
939530
290149
747349
621008
208193
102187
424924
386850
848931
684644
835084
581044
405745
576112
517510
948909
867106
721673
544506
79372
699459
244762
412951
697730
359354
887582
405632
821144
814853
89458
49043
337418
925971
426271
847684
7591
713136
881670
590444
314332
407080
149230
686512
790492
974154
210677
756234
744468
712862
506689
197864
911285
177122
299967
492282
477533
995170
262127
364385
427042
955690
398392
521275
627068
408819
871263
501946
221771
836223
941668
336035
494738
200975
816067
101230
192287
125917
995851
200309
132165
471123
351398
622258
753838
66852
680075
999644
563228
617629
934739
55481
766949
826287
36807
551625
366680
872709
55960
417664
497916
55777
342765
661764
518903
896467
24768
568766
112093
887222
726800
91237
91763
160364
635370
489613
222734
34065
650729
286288
420548
333481
793798
726812
568196
796279
130569
959932
964091
161309
625254
50987
725619
696429
318757
906939
648049
997394
255270
290821
712453
953384
838595
424111
5387
487032
336827
466094
773336
813671
693005
435054
83952
621522
231334
337732
6425
886532
526239
51195
385535
242567
500163
213948
648948
344883
666615
120392
695409
342723
933003
1162
328665
914200
589001
938640
464272
687947
795239
127347
750060
238165
246361
175014
661426
969286
899965
124795
868687
647319
681984
547357
482244
14476
738663
116646
153978
642185
992050
915892
329094
439277
94877
995216
330114
541148
23573
216310
121493
322700
617024
639728
865420
192599
734591
421255
254090
619316
332044
482920
104115
151617
329406
23710
648721
538880
789545
322414
526782
615130
353520
812601
17690
208993
512246
658796
92451
790421
776547
290148
655392
333264
991703
923176
591844
290319
637490
431489
64843
358121
506628
285482
234669
382418
412445
9398
539457
135964
609399
580116
553169
942168
122348
908629
335650
807804
72317
103014
436389
100040
321049
982629
264862
624367
369087
250455
522941
836983
945674
272752
130832
141409
168808
726273
891044
649975
642156
286668
538615
784170
814619
913023
61208
585185
681237
208536
78441
410586
228199
90152
69728
738815
526429
616959
454325
194282
936400
176191
762859
753072
750499
17204
423674
238393
352264
664130
863448
568821
922399
999862
687619
758454
300896
369761
213888
992220
986209
626778
831214
442986
905309
633074
589843
210175
285808
100089
862926
645865
945944
806001
679230
38162
727059
753279
68003
285733
348846
250311
289496
335634
858604
300486
358141
148174
402161
892884
535245
155168
661231
111814
665079
287811
89503
25905
718801
503289
148416
680886
14210
94169
105137
448291
444467
878801
401409
105948
53145
706111
409266
692231
212272
413090
385054
490423
296360
2416
880733
304203
906392
59015
250746
907187
798230
14082
400970
92489
59046
127658
770485
963563
906190
505628
387117
36327
303369
178059
925558
747484
264336
988190
998823
621398
125199
289451
344506
748214
398026
931459
130126
803165
279761
216995
655762
721022
217142
201748
161043
676757
62923
258234
273596
562099
320264
638237
191606
652618
619371
64539
845822
177982
922597
638894
328779
808155
36007
132944
303790
157006
108748
52189
719422
817169
234658
139707
280139
908146
195780
509907
317913
13646
126170
198173
771132
104512
120517
591501
883322
171312
608064
506000
845739
657923
660014
417399
755496
799418
940035
53104
902082
243872
108249
2360
423030
788965
673761
679995
123373
579356
312250
995001
923426
475068
333379
119278
824446
964663
557465
428466
21473
640744
340207
615121
693229
11735
37032
935359
19288
479557
550408
551066
348968
15943
101507
769149
68308
205888
549088
749239
415253
363923
579343
756745
541583
173842
138963
987214
561998
145585
799277
166093
991473
128192
991385
38047
202451
649568
359704
231015
129083
496401
750430
832427
269837
193047
311066
369291
633573
559434
632337
742719
572316
461586
994661
53876
997029
919939
546179
119946
134556
750389
540327
618528
88929
534318
325828
361330
556694
361451
28666
951075
671256
643951
924015
514340
928300
967486
931074
781609
728934
287894
393873
221461
935380
843471
309420
883258
936613
931867
344105
544077
91533
742382
679611
776917
277307
178437
550600
707922
913391
509804
871680
264603
257345
253035
187246
956335
856168
223416
5748
845125
265996
664170
516064
865260
498403
920486
127658
461423
421827
548275
212210
666634
827060
944533
252368
328388
589548
386739
646773
483728
934296
718159
496249
595744
288511
506324
450988
982910
628907
113299
858491
35146
180947
788036
43543
955671
645153
941492
475154
829327
186340
130902
104926
311004
821393
377287
801227
246939
244458
513469
110322
455768
491796
490952
277112
926878
45882
880982
834970
926255
468313
45074
883005
812472
992433
544196
370283
425639
517625
330865
231821
309568
219347
507619
245537
871140
756259
58085
22724
650307
831970
172123
818527
380159
172090
517625
831810
758809
420376
981977
208913
564618
990098
585710
616825
485361
985200
620062
710949
939190
93709
592509
331053
967701
207148
151605
807452
597506
56032
295450
578167
878667
618151
975449
196843
253478
943681
275147
973772
491624
767074
936389
209472
434812
843460
853836
12362
407542
928469
352825
554339
717363
281988
883332
499503
854454
295009
690844
292695
951078
183999
747289
266400
846837
113722
76719
928271
892263
877186
294163
939059
358251
912371
309628
568012
255755
672149
244332
65307
697601
501188
50721
693096
653225
352793
764621
525596
269295
25279
198994
563440
772853
377314
726194
226644
123669
131881
243512
837060
923739
440725
908862
452848
710118
658397
902326
258082
978243
978451
55131
347618
640150
928516
173700
953177
255563
692412
894371
39243
507385
215272
328275
31281
705268
476976
472914
676419
358836
260039
461570
972126
748452
239646
976056
437353
904458
67757
310516
250657
280109
975085
456817
635328
323956
818595
694929
773343
874967
904501
509203
584727
268178
213062
208505
138418
647812
447707
101111
168115
566161
456702
535891
312024
694998
273487
796890
992163
607604
638808
615843
383121
218102
330043
49915
87076
866611
326625
680564
797613
300710
260820
656991
111730
652753
93276
337480
628871
245801
624829
342412
86969
312261
217559
57563
981006
323565
14860
74222
507933
254646
580017
897995
31852
727787
794875
637800
363363
551026
734237
679080
815223
916383
410005
697578
631189
66714
706890
841629
868052
340177
995999
912967
155580
251543
985982
85116
437314
656670
337943
646657
616653
805489
705788
383953
374514
309116
1711
888437
695511
994702
94803
672658
348457
142779
897181
838831
351619
552684
150735
123977
422635
88766
326973
516467
571629
811519
656428
683452
491365
102233
574346
728888
143506
296705
243587
219059
594828
