696640
359218
402962
349499
911167
506502
548362
541131
135923
262287
928461
698381
237499
614554
778631
982431
873435
402367
50383
585057
448495
161414
282931
387091
286954
315823
298212
544055
818088
770451
279218
506276
962870
731945
68234
143333
775899
715274
169323
120791
557677
356989
6596
808723
538615
617873
269935
901170
449888
259665
444181
584770
553287
405430
787093
518374
704066
319438
310959
249715
485223
822209
131841
344856
33810
239787
240732
872880
170147
615693
582833
511954
962310
354329
948000
116767
526619
543230
251923
695732
272782
10933
391879
601350
213073
376288
950319
636167
722137
949857
87973
752076
985821
700099
825699
334366
257553
888407
83704
234823
