82559
23334
64427
87700
20570
99756
84743
76966
40834
76404
67319
4355
11268
19044
2487
59634
68701
84679
47108
71126
77808
23381
63480
67050
87326
73038
24732
90258
95432
26930
73246
96906
53179
43225
42627
2907
75134
61457
23623
54187
86345
30711
70620
62748
25683
23078
83568
47506
13171
49586
77551
56850
42649
55614
22783
64307
11859
17444
17199
6379
57046
41144
33569
40221
59361
73951
21292
10153
2003
83988
17211
53236
84624
28400
63301
74850
16278
27309
6354
42370
86934
9043
85887
1742
84424
70773
27799
42505
16973
1818
36748
83508
93577
11114
83555
73588
5424
20608
20866
35310
40786
22378
24765
14235
13058
54721
65456
97439
29983
90559
82878
40360
49686
96704
78428
79549
65209
74107
98296
61228
58230
32658
96731
1564
43560
85224
13917
38005
50517
25803
3565
68376
55053
76565
57874
91018
55621
57575
19137
16539
80301
41473
18473
43943
76851
11761
35990
3289
59483
42325
14436
37163
56773
5223
74687
36767
41302
5332
83638
55259
81218
91448
88277
35263
38360
82470
44187
88462
14114
1978
46243
6374
86595
74835
70408
40612
34100
90349
17651
92687
28571
39035
14908
71006
68158
49546
22028
90892
67685
83523
49159
67555
18747
61407
61635
44530
6536
40239
99166
10680
86281
99278
44137
8138
9709
74619
31199
67624
73365
77934
95402
98197
61713
33575
94087
24987
44872
71278
5870
56601
1995
42949
96035
12281
67708
48122
7906
52251
81191
99413
92650
47796
16262
25053
68074
69584
3308
35590
23920
99305
92903
99544
84523
52885
13625
84799
7719
38435
38914
41351
26328
70112
62894
61977
54745
54140
25889
98048
82324
78711
23869
24863
39711
69678
92754
14246
58651
41133
68562
57877
15060
50057
16091
40648
8735
35745
37090
21814
76219
44533
4800
871
79589
34405
28705
12609
62327
98233
59183
97281
36797
6411
82518
20334
76219
78977
58391
14751
15154
19490
94733
59595
54939
25815
9921
10945
24894
20630
88903
65168
7992
59066
82232
72822
94773
17481
24684
81588
29496
97521
92090
86393
679
42521
95526
27535
89721
98260
55019
71834
11942
14128
71761
43579
11886
45789
95445
59356
70259
61635
12785
62079
14436
92258
61023
16783
73280
31148
19890
83925
64729
84747
350
44541
9384
76785
12969
89340
59359
12825
41169
30264
97572
42621
89659
98294
46549
24445
83786
39102
44079
20283
43271
41794
49448
92516
26065
20066
87528
81054
86467
84801
43459
64221
32985
58625
50624
40701
89402
70194
75005
650
52903
82736
53909
71640
65474
84268
57340
60640
59768
40574
52846
80237
43739
99819
69975
21857
90631
17702
78783
72846
33693
65304
6834
14094
16156
43262
3997
45737
51648
54825
76639
90117
64949
79021
7325
22676
43631
67199
53245
84860
55164
45073
998
82455
6772
96381
50863
3967
29202
45108
10975
38472
54803
11853
78878
78173
80381
89416
60946
55975
64777
16154
4534
35462
65806
45419
82889
6849
86918
96015
29245
49079
81090
72935
15583
63223
96180
89468
88160
88746
99524
78881
13091
26906
53040
9145
304
88906
63005
23384
82459
38429
64623
47373
75877
49269
59289
77409
70593
77684
50012
90633
78534
93214
30698
5330
64287
42986
76371
9018
94443
16124
22900
28712
43391
38648
3964
80826
97638
69509
94784
62771
46148
46897
11761
11248
69975
81890
85758
97649
17264
33493
58625
67944
43512
89306
96600
53836
97509
98953
34962
3235
55184
23515
48252
585
58410
42679
97366
41824
51970
87872
33192
79355
62182
83881
45331
62874
45019
70768
29966
8305
58885
46037
95691
64736
88372
73042
82645
24048
29780
27678
82358
72750
88332
61338
93855
69601
39672
91558
88598
90015
85914
9956
22223
65020
14547
35775
6636
62520
87557
28183
90688
66660
47165
75834
44897
2865
51655
5528
53776
14876
93075
79070
88667
40682
89972
71111
97939
83317
27481
27111
4079
58464
72161
5997
76876
46197
86642
59655
38585
94729
40234
51940
56560
54780
66133
17771
97253
56797
39271
36235
38594
80904
70850
17896
1989
18930
68802
49613
73942
16584
59399
52650
56431
91083
88529
27988
55367
13121
92816
3691
47775
43213
68239
8588
92679
60201
49075
28667
15014
66223
2928
83008
3774
46119
61437
98003
40815
71194
26991
91
72476
36965
13055
34118
873
94783
75652
44514
58205
4184
98652
59007
68912
38289
25218
40282
64610
64621
67181
38012
75718
31562
21888
13913
31585
45418
10413
58867
188
51895
32452
99528
89344
28037
68713
1947
71501
22074
33922
95598
30692
50992
91885
59630
63948
20125
51485
13299
73896
73240
25841
5788
49186
82345
74343
63287
67347
68119
32911
4269
99626
81318
95695
92670
82561
43925
27730
44842
69049
33778
62464
58094
59615
83377
13404
46046
59698
80025
49513
9722
61085
71513
98208
5743
9960
58350
96047
74190
50776
41573
36708
36813
24279
87244
64249
14366
34999
7473
13653
61641
42846
4190
65375
36022
51307
93818
64862
13136
16712
94580
32925
96836
80139
93173
46836
56358
51837
77741
44081
1283
29771
74212
29238
59625
48986
49302
44012
98747
47821
12083
40953
40687
36956
56051
42796
69534
85903
66545
135
33111
29229
43814
25329
8914
45921
95269
40387
37021
27919
29140
7595
38905
99818
63028
88241
61800
23420
1747
40873
70200
84117
91330
85365
18388
90606
98698
10793
38986
3054
38154
16686
98440
74798
16293
89598
11871
89567
46188
13591
58726
95822
9169
55227
72057
57356
76738
30096
484
78623
335
31397
37630
51167
48059
61392
62595
34647
73809
17226
92294
77722
34907
84601
40820
53064
83841
42089
82333
18738
60195
23577
32660
7689
26258
50291
44900
28225
77284
53878
68205
41526
14214
12640
36226
71737
92691
6745
49482
65712
23079
83077
82747
37608
37324
65975
16151
14139
68570
33294
21784
45657
90824
39218
46368
36351
61673
7212
78365
80788
60786
27782
70109
35273
80168
52307
33922
78258
61817
67849
40741
50202
28781
68604
59185
1907
50533
21307
47215
73368
872
27733
88109
33051
15028
577
97401
57237
9782
52585
12991
52632
84349
4120
64628
66519
37202
68363
44429
37617
6894
21729
77357
44803
77876
26470
6839
95625
91463
45889
31303
42988
50475
56182
34969
69457
30711
19161
40621
55661
84367
25195
29798
62853
40791
33185
10996
21881
14186
77859
9195
17788
63417
6723
43929
41719
66683
10180
4249
96397
5472
87347
1324
13497
71593
32062
25021
